0.0	0.0	1.0	0.0	1.0	2.0	5.0	0	1	1	0	0	0	0	1	000-0.png
0.0	0.0	0.0	0.0	2.0	0.0	1.0	0	1	1	0	0	0	0	1	000-1.png
0.0	0.0	1.0	0.0	1.0	2.0	5.0	0	1	1	0	0	0	0	1	000-10.png
0.0	0.0	0.0	0.0	2.0	2.0	6.0	0	1	1	0	0	0	0	1	000-11.png
0.0	0.0	0.0	0.0	2.0	2.0	1.0	0	1	1	0	0	0	0	1	000-12.png
0.0	0.0	0.0	0.0	1.0	2.0	5.0	0	1	1	0	0	0	0	1	000-13.png
0.0	0.0	2.0	0.0	2.0	2.0	1.0	0	1	1	0	0	0	0	1	000-14.png
0.0	0.0	2.0	0.0	0.0	2.0	6.0	0	1	1	0	0	0	0	1	000-15.png
0.0	0.0	2.0	0.0	2.0	2.0	1.0	0	1	1	0	0	0	0	1	000-16.png
0.0	0.0	2.0	0.0	2.0	2.0	1.0	0	1	1	0	0	0	0	1	000-17.png
0.0	0.0	0.0	0.0	2.0	2.0	1.0	0	1	1	0	0	0	0	1	000-18.png
0.0	0.0	1.0	0.0	1.0	2.0	5.0	0	1	1	0	0	0	0	1	000-19.png
0.0	1.0	0.0	0.0	2.0	0.0	5.0	0	1	0	0	0	0	0	1	000-2.png
0.0	1.0	0.0	0.0	2.0	2.0	0.0	0	1	0	0	0	0	0	1	000-20.png
0.0	0.0	1.0	0.0	1.0	2.0	5.0	0	1	1	0	0	0	0	1	000-21.png
0.0	0.0	1.0	0.0	1.0	2.0	5.0	0	1	1	0	0	0	0	1	000-22.png
0.0	0.0	1.0	0.0	1.0	2.0	5.0	0	1	1	0	0	0	0	1	000-23.png
0.0	0.0	1.0	0.0	1.0	2.0	5.0	0	1	1	0	0	0	0	1	000-24.png
0.0	0.0	0.0	0.0	2.0	2.0	1.0	0	1	1	0	0	0	0	1	000-25.png
0.0	0.0	0.0	0.0	2.0	2.0	1.0	0	1	1	0	0	0	0	1	000-26.png
0.0	0.0	1.0	0.0	1.0	2.0	5.0	0	1	1	0	0	0	0	1	000-27.png
0.0	0.0	2.0	0.0	2.0	2.0	1.0	0	1	1	0	0	0	0	1	000-28.png
0.0	1.0	0.0	0.0	2.0	2.0	6.0	0	1	0	0	1	0	0	1	000-29.png
0.0	1.0	0.0	0.0	2.0	2.0	1.0	0	1	0	0	0	0	0	1	000-3.png
0.0	0.0	2.0	0.0	0.0	0.0	1.0	0	1	1	0	0	0	0	1	000-30.png
0.0	0.0	1.0	0.0	1.0	2.0	5.0	0	1	1	0	0	0	0	1	000-31.png
0.0	0.0	2.0	0.0	2.0	2.0	1.0	0	1	1	0	0	0	0	1	000-32.png
0.0	0.0	0.0	0.0	2.0	2.0	1.0	0	1	1	0	0	0	0	1	000-33.png
0.0	0.0	2.0	0.0	0.0	2.0	0.0	0	1	1	0	0	0	0	1	000-34.png
0.0	0.0	0.0	0.0	2.0	2.0	1.0	0	1	1	0	0	0	0	1	000-35.png
0.0	0.0	2.0	0.0	2.0	2.0	0.0	0	1	1	0	0	0	0	1	000-36.png
0.0	0.0	2.0	0.0	0.0	2.0	0.0	0	1	1	0	0	0	0	1	000-37.png
0.0	0.0	1.0	0.0	1.0	2.0	5.0	0	1	1	0	0	0	0	1	000-38.png
0.0	0.0	2.0	0.0	0.0	2.0	1.0	0	1	1	0	0	0	0	1	000-39.png
0.0	1.0	0.0	0.0	2.0	2.0	1.0	0	1	0	0	0	0	0	1	000-4.png
0.0	0.0	2.0	0.0	2.0	2.0	1.0	0	1	1	0	0	0	0	1	000-40.png
0.0	0.0	2.0	0.0	2.0	2.0	1.0	0	1	1	0	0	0	0	1	000-41.png
0.0	0.0	2.0	0.0	2.0	2.0	1.0	0	1	1	0	0	0	0	1	000-42.png
0.0	0.0	2.0	0.0	2.0	2.0	0.0	0	1	1	0	0	0	0	1	000-43.png
0.0	0.0	2.0	0.0	2.0	2.0	0.0	0	1	1	0	0	0	0	1	000-44.png
0.0	0.0	2.0	0.0	2.0	1.0	0.0	0	1	1	0	0	0	0	1	000-45.png
0.0	0.0	2.0	0.0	0.0	2.0	0.0	0	1	1	0	0	0	0	1	000-46.png
0.0	0.0	2.0	0.0	0.0	2.0	0.0	0	1	1	0	0	0	0	1	000-47.png
0.0	0.0	2.0	0.0	2.0	2.0	1.0	0	1	1	0	0	0	0	1	000-48.png
0.0	0.0	2.0	0.0	0.0	2.0	1.0	0	1	1	0	0	0	0	1	000-49.png
0.0	0.0	1.0	0.0	1.0	2.0	5.0	0	1	1	0	0	0	0	1	000-5.png
0.0	0.0	2.0	0.0	0.0	1.0	1.0	0	1	1	0	0	0	0	1	000-50.png
0.0	0.0	2.0	0.0	2.0	1.0	0.0	0	1	1	0	0	0	0	1	000-51.png
0.0	0.0	2.0	0.0	2.0	1.0	1.0	0	1	1	0	0	0	0	1	000-52.png
0.0	0.0	2.0	0.0	0.0	1.0	0.0	0	1	1	0	0	0	0	1	000-53.png
0.0	0.0	2.0	0.0	0.0	1.0	1.0	0	1	1	0	0	0	0	1	000-54.png
0.0	0.0	1.0	0.0	1.0	1.0	5.0	0	1	1	0	0	0	0	1	000-55.png
0.0	0.0	2.0	0.0	0.0	1.0	0.0	0	1	1	0	0	0	0	1	000-56.png
0.0	0.0	0.0	0.0	2.0	1.0	1.0	0	0	1	0	0	0	0	1	000-57.png
0.0	0.0	2.0	0.0	0.0	2.0	1.0	0	1	1	0	0	0	0	1	000-58.png
0.0	0.0	1.0	0.0	1.0	2.0	5.0	0	1	1	0	0	0	0	1	000-6.png
0.0	0.0	1.0	0.0	1.0	2.0	5.0	0	1	1	0	0	0	0	1	000-7.png
0.0	0.0	0.0	0.0	2.0	2.0	1.0	0	1	1	0	0	0	0	1	000-8.png
0.0	0.0	1.0	0.0	1.0	2.0	5.0	0	1	1	0	0	0	0	1	000-9.png
0.0	0.0	2.0	0.0	0.0	1.0	1.0	0	1	1	0	0	0	0	1	001-0.png
0.0	0.0	2.0	0.0	2.0	1.0	1.0	0	1	1	0	0	0	0	1	001-1.png
0.0	1.0	0.0	0.0	1.0	2.0	2.0	0	1	0	0	0	0	0	1	001-3.png
0.0	0.0	2.0	0.0	0.0	0.0	4.0	0	1	1	0	0	0	0	1	002-0.png
0.0	0.0	0.0	0.0	1.0	2.0	3.0	0	1	1	0	0	0	0	1	003-0.png
0.0	0.0	0.0	0.0	1.0	1.0	2.0	0	0	1	0	0	0	0	1	003-1.png
0.0	0.0	2.0	0.0	2.0	1.0	3.0	0	1	1	0	0	0	0	1	004-0.png
0.0	1.0	0.0	0.0	1.0	2.0	5.0	0	1	0	0	0	0	0	1	005-0.png
0.0	1.0	0.0	0.0	1.0	2.0	5.0	0	1	0	0	0	0	0	1	005-1.png
0.0	1.0	0.0	0.0	2.0	2.0	1.0	0	1	0	0	0	0	0	1	007-0.png
0.0	1.0	0.0	0.0	2.0	2.0	1.0	0	1	0	0	0	0	0	1	007-1.png
0.0	0.0	0.0	0.0	2.0	1.0	3.0	0	0	1	0	0	0	0	1	008-0.png
0.0	0.0	0.0	0.0	1.0	1.0	3.0	0	0	1	0	0	0	0	1	008-1.png
0.0	0.0	0.0	0.0	2.0	2.0	3.0	0	1	1	0	0	0	0	1	009-0.png
0.0	0.0	1.0	0.0	1.0	2.0	5.0	0	1	1	0	0	0	0	1	009-1.png
0.0	0.0	0.0	0.0	2.0	0.0	6.0	0	1	1	0	0	0	0	1	010-0.png
0.0	0.0	0.0	0.0	2.0	0.0	6.0	0	1	1	0	0	0	0	1	010-1.png
0.0	0.0	2.0	0.0	2.0	1.0	6.0	0	1	1	0	0	0	0	1	011-0.png
0.0	0.0	0.0	0.0	2.0	1.0	5.0	0	0	1	0	0	0	0	1	011-1.png
0.0	0.0	1.0	0.0	0.0	2.0	0.0	0	1	1	0	0	0	1	1	012-0.png
0.0	0.0	0.0	0.0	2.0	2.0	0.0	0	1	1	0	0	0	0	1	012-1.png
0.0	0.0	0.0	0.0	1.0	2.0	3.0	0	1	1	0	0	0	0	1	014-0.png
0.0	1.0	0.0	0.0	1.0	2.0	3.0	0	1	0	0	0	0	0	1	014-1.png
0.0	0.0	0.0	2.0	2.0	1.0	3.0	0	0	1	1	0	0	0	0	015-0.png
0.0	1.0	0.0	0.0	0.0	2.0	2.0	0	1	0	0	0	0	0	1	016-0.png
0.0	1.0	0.0	0.0	0.0	2.0	2.0	0	1	0	0	0	0	0	1	016-1.png
0.0	1.0	0.0	0.0	2.0	2.0	2.0	0	1	0	0	0	0	0	1	016-2.png
0.0	0.0	0.0	0.0	1.0	0.0	2.0	0	1	1	0	0	0	0	1	017-0.png
0.0	1.0	0.0	0.0	1.0	0.0	2.0	0	1	0	0	0	0	0	1	017-1.png
0.0	0.0	0.0	0.0	1.0	0.0	2.0	0	1	1	0	0	0	0	1	017-2.png
0.0	0.0	2.0	0.0	2.0	1.0	2.0	0	1	1	0	0	0	0	1	018-0.png
0.0	1.0	0.0	0.0	2.0	1.0	2.0	0	0	0	0	0	0	0	1	018-1.png
0.0	1.0	0.0	0.0	1.0	0.0	3.0	0	1	0	0	0	0	0	1	019-0.png
0.0	1.0	0.0	0.0	1.0	0.0	3.0	0	1	0	0	0	0	0	1	019-1.png
0.0	1.0	0.0	0.0	1.0	0.0	3.0	0	1	0	0	0	0	0	1	019-2.png
0.0	0.0	2.0	0.0	2.0	2.0	1.0	0	1	1	0	0	0	0	1	020-0.png
0.0	1.0	0.0	0.0	1.0	1.0	4.0	0	0	0	0	0	0	0	1	021-0.png
0.0	0.0	0.0	0.0	1.0	2.0	3.0	0	1	1	0	0	0	0	1	022-0.png
0.0	1.0	0.0	0.0	1.0	2.0	3.0	0	1	0	0	0	0	0	1	023-0.png
0.0	0.0	0.0	0.0	0.0	2.0	6.0	0	1	1	0	0	0	0	1	024-0.png
0.0	0.0	1.0	0.0	1.0	1.0	5.0	0	1	1	0	0	0	0	1	025-0.png
0.0	0.0	1.0	0.0	1.0	1.0	5.0	0	1	1	0	0	0	0	1	025-1.png
0.0	0.0	2.0	0.0	2.0	1.0	2.0	0	1	1	0	0	0	0	1	025-2.png
0.0	0.0	1.0	0.0	1.0	1.0	5.0	0	1	1	0	0	0	0	1	025-3.png
0.0	0.0	1.0	0.0	1.0	1.0	5.0	0	1	1	0	0	0	0	1	025-4.png
0.0	1.0	0.0	0.0	1.0	0.0	3.0	0	1	0	0	0	0	0	1	026-0.png
0.0	0.0	0.0	0.0	1.0	0.0	3.0	0	1	1	0	0	0	0	1	026-1.png
0.0	0.0	0.0	0.0	1.0	0.0	2.0	0	1	1	0	0	0	0	1	026-2.png
0.0	1.0	0.0	0.0	1.0	0.0	3.0	0	1	0	0	0	0	0	1	026-3.png
0.0	0.0	0.0	0.0	1.0	0.0	2.0	0	1	1	0	0	0	0	1	026-4.png
0.0	0.0	2.0	0.0	2.0	1.0	0.0	0	1	1	0	0	0	0	1	027-0.png
0.0	0.0	0.0	0.0	1.0	1.0	3.0	0	0	1	0	0	0	0	1	028-0.png
0.0	0.0	0.0	0.0	2.0	1.0	6.0	0	0	1	0	0	0	0	1	029-0.png
0.0	0.0	1.0	0.0	0.0	1.0	2.0	0	1	1	0	0	0	1	1	030-0.png
0.0	0.0	0.0	0.0	1.0	1.0	2.0	0	0	1	0	0	0	0	1	031-0.png
0.0	0.0	0.0	0.0	2.0	2.0	6.0	0	1	1	0	0	0	0	1	032-0.png
0.0	0.0	0.0	0.0	1.0	0.0	5.0	0	1	1	0	0	0	0	1	033-0.png
0.0	0.0	1.0	0.0	2.0	1.0	2.0	0	1	1	0	0	0	0	1	034-0.png
0.0	0.0	0.0	0.0	2.0	0.0	5.0	0	1	1	0	0	0	0	1	035-0.png
0.0	0.0	0.0	0.0	2.0	2.0	1.0	0	1	1	0	0	0	0	1	036-0.png
0.0	0.0	2.0	0.0	0.0	1.0	2.0	0	1	1	0	0	0	0	1	037-0.png
0.0	0.0	1.0	0.0	1.0	1.0	1.0	0	1	1	0	0	0	0	1	037-1.png
0.0	1.0	2.0	0.0	2.0	1.0	2.0	0	1	0	0	0	0	0	1	037-2.png
0.0	0.0	2.0	0.0	2.0	1.0	2.0	0	1	1	0	0	0	0	1	037-3.png
0.0	0.0	2.0	0.0	2.0	1.0	2.0	0	1	1	0	0	0	0	1	037-4.png
0.0	1.0	0.0	0.0	1.0	1.0	6.0	0	0	0	0	1	0	0	1	038-0.png
0.0	1.0	0.0	0.0	2.0	1.0	4.0	0	0	0	0	0	0	0	1	039-0.png
0.0	0.0	0.0	0.0	1.0	2.0	4.0	0	1	1	0	0	0	0	1	040-0.png
0.0	0.0	0.0	0.0	1.0	2.0	4.0	0	1	1	0	0	0	0	1	041-0.png
0.0	1.0	0.0	0.0	2.0	0.0	5.0	0	1	0	0	0	0	0	1	042-0.png
0.0	1.0	0.0	0.0	1.0	2.0	3.0	0	1	0	0	0	0	0	1	043-0.png
0.0	0.0	0.0	0.0	1.0	1.0	3.0	0	0	1	0	0	0	0	1	044-0.png
0.0	0.0	0.0	0.0	0.0	0.0	0.0	0	1	1	0	0	0	0	1	045-0.png
0.0	1.0	2.0	0.0	2.0	2.0	2.0	0	1	0	0	0	0	0	1	046-0.png
0.0	1.0	0.0	0.0	0.0	1.0	6.0	0	0	0	0	1	0	0	1	047-0.png
0.0	0.0	2.0	0.0	2.0	0.0	0.0	0	1	1	0	0	0	0	1	048-0.png
0.0	1.0	2.0	0.0	2.0	0.0	6.0	0	1	0	0	1	0	0	1	049-0.png
0.0	0.0	0.0	0.0	1.0	2.0	1.0	0	1	1	0	0	0	0	1	050-0.png
0.0	0.0	0.0	0.0	1.0	0.0	2.0	0	1	1	0	0	0	0	1	051-0.png
0.0	0.0	0.0	0.0	1.0	0.0	6.0	0	1	1	0	0	0	0	1	052-0.png
0.0	0.0	0.0	0.0	0.0	0.0	1.0	0	1	1	0	0	0	0	1	053-0.png
0.0	1.0	0.0	0.0	1.0	2.0	1.0	0	1	0	0	0	0	0	1	054-0.png
0.0	0.0	2.0	0.0	1.0	1.0	4.0	0	1	1	0	0	0	0	1	055-0.png
0.0	1.0	0.0	0.0	1.0	1.0	1.0	0	0	0	0	0	0	0	1	056-0.png
0.0	0.0	0.0	0.0	1.0	0.0	1.0	0	1	1	0	0	0	0	1	058-0.png
0.0	0.0	0.0	0.0	1.0	0.0	1.0	0	1	1	0	0	0	0	1	058-1.png
0.0	1.0	0.0	0.0	1.0	0.0	1.0	0	1	0	0	0	0	0	1	058-2.png
0.0	1.0	0.0	0.0	1.0	0.0	1.0	0	1	0	0	0	0	0	1	058-3.png
0.0	0.0	0.0	0.0	1.0	0.0	2.0	0	1	1	0	0	0	0	1	059-0.png
0.0	0.0	0.0	0.0	1.0	0.0	2.0	0	1	1	0	0	0	0	1	059-1.png
0.0	0.0	0.0	0.0	1.0	0.0	2.0	0	1	1	0	0	0	0	1	059-2.png
0.0	0.0	0.0	0.0	1.0	0.0	2.0	0	1	1	0	0	0	0	1	059-3.png
0.0	0.0	2.0	0.0	2.0	2.0	2.0	0	1	1	0	0	0	0	1	060-0.png
0.0	0.0	2.0	0.0	2.0	2.0	2.0	0	1	1	0	0	0	0	1	060-1.png
0.0	0.0	2.0	0.0	2.0	2.0	2.0	0	1	1	0	0	0	0	1	060-2.png
0.0	0.0	2.0	0.0	2.0	2.0	2.0	0	1	1	0	0	0	0	1	060-3.png
0.0	0.0	0.0	0.0	1.0	2.0	2.0	0	1	1	0	0	0	0	1	061-0.png
0.0	1.0	0.0	0.0	2.0	2.0	2.0	0	1	0	0	0	0	0	1	061-1.png
0.0	1.0	0.0	0.0	2.0	2.0	2.0	0	1	0	0	0	0	0	1	061-2.png
0.0	1.0	0.0	0.0	2.0	2.0	2.0	0	1	0	0	0	0	0	1	061-3.png
0.0	1.0	2.0	0.0	0.0	1.0	2.0	0	1	0	0	0	0	0	1	062-0.png
0.0	0.0	2.0	0.0	2.0	1.0	2.0	0	1	1	0	0	0	0	1	062-1.png
0.0	0.0	1.0	0.0	0.0	1.0	5.0	0	1	1	0	0	0	1	1	062-2.png
0.0	0.0	2.0	0.0	0.0	2.0	6.0	0	1	1	0	0	0	0	1	063-0.png
0.0	0.0	0.0	0.0	2.0	2.0	1.0	0	1	1	0	0	0	0	1	063-1.png
0.0	0.0	2.0	0.0	0.0	2.0	1.0	0	1	1	0	0	0	0	1	063-2.png
0.0	0.0	2.0	0.0	2.0	2.0	2.0	0	1	1	0	0	0	0	1	064-0.png
0.0	1.0	0.0	0.0	2.0	2.0	5.0	0	1	0	0	0	0	0	1	064-1.png
0.0	1.0	0.0	0.0	2.0	2.0	2.0	0	1	0	0	0	0	0	1	064-2.png
0.0	1.0	0.0	0.0	2.0	2.0	2.0	0	1	0	0	0	0	0	1	064-3.png
0.0	0.0	2.0	0.0	2.0	1.0	5.0	0	1	1	0	0	0	0	1	065-0.png
0.0	0.0	0.0	0.0	1.0	1.0	1.0	0	0	1	0	0	0	0	1	065-1.png
0.0	1.0	0.0	0.0	0.0	1.0	2.0	0	0	0	0	0	0	0	1	066-0.png
0.0	0.0	0.0	0.0	0.0	1.0	3.0	0	0	1	0	0	0	0	1	066-1.png
0.0	0.0	0.0	0.0	2.0	2.0	1.0	0	1	1	0	0	0	0	1	067-0.png
0.0	1.0	0.0	0.0	2.0	0.0	2.0	0	1	0	0	0	0	0	1	068-0.png
0.0	1.0	2.0	0.0	1.0	2.0	1.0	0	1	0	0	0	0	0	1	069-0.png
0.0	1.0	0.0	0.0	2.0	2.0	3.0	0	1	0	0	0	0	0	1	070-0.png
0.0	1.0	0.0	0.0	1.0	0.0	4.0	0	1	0	0	0	0	0	1	071-0.png
0.0	0.0	2.0	0.0	2.0	1.0	3.0	0	1	1	0	0	0	0	1	072-0.png
0.0	1.0	0.0	0.0	1.0	0.0	4.0	0	1	0	0	0	0	0	1	073-0.png
0.0	1.0	0.0	0.0	1.0	0.0	2.0	0	1	0	0	0	0	0	1	074-0.png
0.0	0.0	0.0	0.0	1.0	0.0	6.0	0	1	1	0	0	0	0	1	075-0.png
0.0	1.0	2.0	0.0	2.0	2.0	3.0	0	1	0	0	0	0	0	1	076-0.png
0.0	0.0	2.0	0.0	1.0	1.0	2.0	0	1	1	0	0	0	0	1	077-0.png
0.0	0.0	1.0	0.0	0.0	0.0	0.0	0	1	1	0	0	0	1	1	078-0.png
0.0	1.0	0.0	0.0	1.0	1.0	6.0	0	0	0	0	1	0	0	1	079-0.png
0.0	1.0	0.0	0.0	2.0	1.0	3.0	0	0	0	0	0	0	0	1	080-0.png
0.0	1.0	0.0	0.0	1.0	2.0	3.0	0	1	0	0	0	0	0	1	081-0.png
0.0	1.0	0.0	0.0	1.0	1.0	6.0	0	0	0	0	1	0	0	1	081-1.png
0.0	0.0	0.0	0.0	1.0	2.0	3.0	0	1	1	0	0	0	0	1	082-0.png
0.0	0.0	0.0	0.0	0.0	2.0	5.0	0	1	1	0	0	0	0	1	083-0.png
0.0	0.0	0.0	0.0	1.0	2.0	5.0	0	1	1	0	0	0	0	1	084-0.png
0.0	1.0	0.0	0.0	2.0	1.0	2.0	0	0	0	0	0	0	0	1	084-1.png
0.0	0.0	1.0	0.0	2.0	2.0	6.0	0	1	1	0	0	0	0	1	085-0.png
0.0	0.0	1.0	0.0	0.0	2.0	6.0	0	1	1	0	0	0	1	1	085-1.png
0.0	0.0	1.0	0.0	0.0	2.0	6.0	0	1	1	0	0	0	1	1	085-2.png
0.0	0.0	1.0	0.0	0.0	2.0	6.0	0	1	1	0	0	0	1	1	085-3.png
0.0	0.0	1.0	0.0	0.0	2.0	6.0	0	1	1	0	0	0	1	1	085-4.png
0.0	0.0	1.0	0.0	0.0	2.0	5.0	0	1	1	0	0	0	1	1	085-5.png
0.0	1.0	0.0	0.0	2.0	2.0	3.0	0	1	0	0	0	0	0	1	086-0.png
0.0	0.0	2.0	0.0	0.0	1.0	2.0	0	1	1	0	0	0	0	1	087-0.png
0.0	0.0	2.0	0.0	0.0	1.0	3.0	0	1	1	0	0	0	0	1	087-1.png
0.0	0.0	1.0	0.0	2.0	1.0	3.0	0	1	1	0	0	0	0	1	087-2.png
0.0	0.0	0.0	0.0	2.0	2.0	2.0	0	1	1	0	0	0	0	1	088-0.png
0.0	1.0	0.0	0.0	1.0	2.0	2.0	0	1	0	0	0	0	0	1	088-1.png
0.0	1.0	0.0	0.0	1.0	2.0	2.0	0	1	0	0	0	0	0	1	088-2.png
0.0	1.0	0.0	0.0	1.0	2.0	3.0	0	1	0	0	0	0	0	1	089-0.png
0.0	1.0	0.0	0.0	1.0	2.0	3.0	0	1	0	0	0	0	0	1	089-1.png
0.0	1.0	0.0	0.0	1.0	2.0	3.0	0	1	0	0	0	0	0	1	089-2.png
0.0	0.0	2.0	0.0	2.0	1.0	2.0	0	1	1	0	0	0	0	1	090-0.png
0.0	0.0	2.0	0.0	2.0	1.0	2.0	0	1	1	0	0	0	0	1	090-1.png
0.0	0.0	0.0	0.0	1.0	1.0	6.0	0	0	1	0	0	0	0	1	090-2.png
0.0	0.0	2.0	2.0	0.0	0.0	6.0	0	1	1	0	0	0	0	1	091-0.png
0.0	0.0	2.0	0.0	0.0	0.0	6.0	0	1	1	0	0	0	0	1	091-2.png
0.0	1.0	0.0	0.0	1.0	2.0	6.0	0	1	0	0	1	0	0	1	092-0.png
0.0	1.0	0.0	0.0	2.0	2.0	6.0	0	1	0	0	1	0	0	1	092-1.png
0.0	1.0	0.0	0.0	1.0	0.0	2.0	0	1	0	0	0	0	0	1	092-2.png
0.0	0.0	0.0	0.0	1.0	0.0	4.0	0	1	1	0	0	0	0	1	093-0.png
0.0	1.0	0.0	0.0	1.0	0.0	4.0	0	1	0	0	0	0	0	1	093-1.png
0.0	1.0	0.0	0.0	1.0	0.0	4.0	0	1	0	0	0	0	0	1	093-2.png
0.0	1.0	0.0	0.0	2.0	2.0	6.0	0	1	0	0	1	0	0	1	094-0.png
0.0	1.0	0.0	0.0	2.0	2.0	6.0	0	1	0	0	1	0	0	1	094-1.png
0.0	0.0	0.0	0.0	2.0	2.0	6.0	0	1	1	0	0	0	0	1	094-2.png
0.0	0.0	0.0	0.0	2.0	1.0	4.0	0	0	1	0	0	0	0	1	095-0.png
0.0	1.0	0.0	0.0	2.0	2.0	4.0	0	1	0	0	0	0	0	1	095-1.png
0.0	1.0	0.0	0.0	1.0	2.0	2.0	0	1	0	0	0	0	0	1	096-0.png
0.0	0.0	0.0	0.0	2.0	0.0	5.0	0	1	1	0	0	0	0	1	097-0.png
0.0	0.0	2.0	0.0	2.0	1.0	3.0	0	1	1	0	0	0	0	1	098-0.png
0.0	1.0	2.0	0.0	0.0	1.0	4.0	0	1	0	0	0	0	0	1	099-0.png
0.0	0.0	0.0	0.0	2.0	0.0	1.0	0	1	1	0	0	0	0	1	100-0.png
0.0	0.0	0.0	0.0	1.0	0.0	6.0	0	1	1	0	0	0	0	1	102-0.png
0.0	0.0	0.0	0.0	1.0	0.0	5.0	0	1	1	0	0	0	0	1	102-1.png
0.0	0.0	2.0	0.0	2.0	1.0	6.0	0	1	1	0	0	0	0	1	103-0.png
0.0	0.0	0.0	0.0	1.0	1.0	3.0	0	0	1	0	0	0	0	1	104-0.png
0.0	1.0	0.0	0.0	1.0	1.0	2.0	0	0	0	0	0	0	0	1	105-0.png
0.0	0.0	0.0	0.0	2.0	1.0	2.0	0	0	1	0	0	0	0	1	106-0.png
0.0	0.0	2.0	0.0	1.0	2.0	1.0	0	1	1	0	0	0	0	1	107-0.png
0.0	0.0	2.0	0.0	2.0	2.0	1.0	0	1	1	0	0	0	0	1	107-1.png
0.0	0.0	2.0	0.0	1.0	2.0	1.0	0	1	1	0	0	0	0	1	107-2.png
0.0	0.0	2.0	0.0	2.0	2.0	1.0	0	1	1	0	0	0	0	1	107-3.png
0.0	1.0	0.0	0.0	1.0	0.0	6.0	0	1	0	0	1	0	0	1	108-0.png
0.0	0.0	0.0	0.0	1.0	0.0	2.0	0	1	1	0	0	0	0	1	108-1.png
0.0	0.0	0.0	0.0	1.0	0.0	2.0	0	1	1	0	0	0	0	1	108-2.png
0.0	0.0	0.0	0.0	1.0	0.0	2.0	0	1	1	0	0	0	0	1	108-3.png
0.0	0.0	2.0	0.0	2.0	1.0	5.0	0	1	1	0	0	0	0	1	109-0.png
0.0	0.0	2.0	0.0	2.0	2.0	6.0	0	1	1	0	0	0	0	1	109-1.png
0.0	0.0	0.0	0.0	2.0	1.0	6.0	0	0	1	0	0	0	0	1	109-2.png
0.0	0.0	2.0	0.0	2.0	2.0	6.0	0	1	1	0	0	0	0	1	109-3.png
0.0	0.0	1.0	0.0	0.0	2.0	6.0	0	1	1	0	0	0	1	1	110-0.png
0.0	0.0	1.0	0.0	0.0	2.0	6.0	0	1	1	0	0	0	1	1	110-1.png
0.0	0.0	1.0	0.0	0.0	2.0	5.0	0	1	1	0	0	0	1	1	110-2.png
0.0	0.0	2.0	0.0	0.0	2.0	6.0	0	1	1	0	0	0	0	1	110-3.png
0.0	1.0	0.0	0.0	1.0	0.0	6.0	0	1	0	0	1	0	0	1	111-0.png
0.0	1.0	0.0	0.0	1.0	0.0	6.0	0	1	0	0	1	0	0	1	111-1.png
0.0	0.0	0.0	0.0	2.0	0.0	5.0	0	1	1	0	0	0	0	1	111-2.png
0.0	0.0	0.0	0.0	1.0	0.0	6.0	0	1	1	0	0	0	0	1	111-3.png
0.0	1.0	0.0	0.0	2.0	2.0	6.0	0	1	0	0	1	0	0	1	112-0.png
0.0	1.0	0.0	0.0	2.0	2.0	6.0	0	1	0	0	1	0	0	1	112-1.png
0.0	0.0	0.0	0.0	2.0	2.0	6.0	0	1	1	0	0	0	0	1	112-2.png
0.0	1.0	2.0	0.0	2.0	2.0	6.0	0	1	0	0	1	0	0	1	112-3.png
0.0	0.0	2.0	0.0	2.0	2.0	6.0	0	1	1	0	0	0	0	1	113-0.png
0.0	0.0	2.0	0.0	2.0	2.0	6.0	0	1	1	0	0	0	0	1	113-1.png
0.0	0.0	0.0	0.0	0.0	2.0	6.0	0	1	1	0	0	0	0	1	113-2.png
0.0	0.0	2.0	0.0	2.0	2.0	6.0	0	1	1	0	0	0	0	1	113-3.png
0.0	0.0	0.0	0.0	1.0	2.0	5.0	0	1	1	0	0	0	0	1	114-0.png
0.0	0.0	0.0	0.0	2.0	2.0	6.0	0	1	1	0	0	0	0	1	114-1.png
0.0	1.0	0.0	0.0	1.0	2.0	2.0	0	1	0	0	0	0	0	1	114-2.png
0.0	0.0	1.0	0.0	0.0	2.0	1.0	0	1	1	0	0	0	1	1	114-3.png
0.0	0.0	0.0	0.0	1.0	2.0	4.0	0	1	1	0	0	0	0	1	115-0.png
0.0	0.0	0.0	0.0	1.0	0.0	2.0	0	1	1	0	0	0	0	1	116-0.png
0.0	0.0	0.0	0.0	1.0	0.0	6.0	0	1	1	0	0	0	0	1	117-0.png
0.0	0.0	0.0	0.0	1.0	0.0	5.0	0	1	1	0	0	0	0	1	117-1.png
0.0	1.0	0.0	0.0	1.0	0.0	5.0	0	1	0	0	0	0	0	1	117-2.png
0.0	0.0	0.0	0.0	1.0	0.0	6.0	0	1	1	0	0	0	0	1	117-3.png
0.0	0.0	2.0	0.0	0.0	2.0	4.0	0	1	1	0	0	0	0	1	118-0.png
0.0	0.0	2.0	0.0	2.0	2.0	4.0	0	1	1	0	0	0	0	1	118-1.png
0.0	0.0	2.0	0.0	2.0	2.0	4.0	0	1	1	0	0	0	0	1	118-2.png
0.0	0.0	2.0	0.0	2.0	2.0	4.0	0	1	1	0	0	0	0	1	118-3.png
0.0	0.0	2.0	0.0	2.0	2.0	3.0	0	1	1	0	0	0	0	1	118-4.png
0.0	0.0	2.0	0.0	2.0	2.0	3.0	0	1	1	0	0	0	0	1	118-5.png
0.0	0.0	2.0	0.0	2.0	2.0	3.0	0	1	1	0	0	0	0	1	118-6.png
0.0	1.0	0.0	0.0	2.0	2.0	1.0	0	1	0	0	0	0	0	1	119-0.png
0.0	1.0	2.0	0.0	2.0	2.0	1.0	0	1	0	0	0	0	0	1	119-1.png
0.0	0.0	0.0	0.0	2.0	2.0	5.0	0	1	1	0	0	0	0	1	120-0.png
0.0	0.0	1.0	0.0	1.0	1.0	5.0	0	1	1	0	0	0	0	1	121-0.png
0.0	1.0	0.0	0.0	1.0	2.0	5.0	0	1	0	0	0	0	0	1	121-1.png
0.0	1.0	0.0	0.0	1.0	2.0	3.0	0	1	0	0	0	0	0	1	122-0.png
0.0	0.0	0.0	0.0	2.0	2.0	4.0	0	1	1	0	0	0	0	1	123-0.png
0.0	0.0	2.0	0.0	2.0	2.0	4.0	0	1	1	0	0	0	0	1	123-1.png
0.0	0.0	2.0	0.0	2.0	2.0	3.0	0	1	1	0	0	0	0	1	123-2.png
0.0	0.0	2.0	0.0	2.0	2.0	3.0	0	1	1	0	0	0	0	1	123-3.png
0.0	0.0	2.0	0.0	2.0	2.0	3.0	0	1	1	0	0	0	0	1	123-4.png
0.0	0.0	0.0	0.0	1.0	1.0	5.0	0	0	1	0	0	0	0	1	124-0.png
0.0	0.0	0.0	0.0	1.0	1.0	1.0	0	0	1	0	0	0	0	1	124-1.png
0.0	0.0	0.0	0.0	1.0	1.0	5.0	0	0	1	0	0	0	0	1	124-2.png
0.0	0.0	0.0	0.0	1.0	1.0	1.0	0	0	1	0	0	0	0	1	124-3.png
0.0	1.0	0.0	0.0	2.0	2.0	5.0	0	1	0	0	0	0	0	1	125-0.png
0.0	1.0	0.0	0.0	2.0	2.0	2.0	0	1	0	0	0	0	0	1	125-1.png
0.0	1.0	0.0	0.0	0.0	2.0	6.0	0	1	0	0	1	0	0	1	125-2.png
0.0	1.0	0.0	0.0	2.0	2.0	2.0	0	1	0	0	0	0	0	1	125-3.png
0.0	0.0	0.0	0.0	1.0	2.0	6.0	0	1	1	0	0	0	0	1	126-0.png
0.0	0.0	1.0	0.0	1.0	2.0	1.0	0	1	1	0	0	0	0	1	126-1.png
0.0	1.0	0.0	0.0	1.0	2.0	6.0	0	1	0	0	1	0	0	1	126-2.png
0.0	1.0	0.0	0.0	1.0	2.0	5.0	0	1	0	0	0	0	0	1	126-3.png
0.0	0.0	0.0	0.0	1.0	2.0	5.0	0	1	1	0	0	0	0	1	126-4.png
0.0	0.0	0.0	0.0	2.0	2.0	1.0	0	1	1	0	0	0	0	1	127-0.png
0.0	0.0	0.0	0.0	2.0	1.0	1.0	0	0	1	0	0	0	0	1	127-1.png
0.0	1.0	0.0	0.0	2.0	1.0	1.0	0	0	0	0	0	0	0	1	127-2.png
0.0	0.0	0.0	0.0	2.0	1.0	1.0	0	0	1	0	0	0	0	1	128-0.png
0.0	0.0	0.0	0.0	1.0	1.0	1.0	0	0	1	0	0	0	0	1	128-1.png
0.0	1.0	0.0	0.0	1.0	1.0	1.0	0	0	0	0	0	0	0	1	128-2.png
0.0	0.0	0.0	0.0	1.0	1.0	1.0	0	0	1	0	0	0	0	1	128-3.png
0.0	1.0	0.0	0.0	1.0	1.0	1.0	0	0	0	0	0	0	0	1	128-4.png
0.0	0.0	2.0	2.0	0.0	1.0	0.0	0	1	1	0	0	0	0	1	129-0.png
0.0	0.0	1.0	0.0	0.0	2.0	0.0	0	1	1	0	0	0	1	1	129-1.png
0.0	0.0	0.0	0.0	2.0	2.0	6.0	0	1	1	0	0	0	0	1	129-2.png
0.0	0.0	1.0	0.0	0.0	1.0	0.0	0	1	1	0	0	0	1	1	129-3.png
0.0	0.0	0.0	0.0	2.0	2.0	4.0	0	1	1	0	0	0	0	1	130-0.png
0.0	1.0	0.0	0.0	2.0	2.0	4.0	0	1	0	0	0	0	0	1	130-1.png
0.0	1.0	0.0	0.0	2.0	2.0	4.0	0	1	0	0	0	0	0	1	130-2.png
0.0	1.0	0.0	0.0	2.0	2.0	4.0	0	1	0	0	0	0	0	1	130-3.png
0.0	0.0	0.0	0.0	2.0	2.0	4.0	0	1	1	0	0	0	0	1	130-4.png
0.0	1.0	0.0	0.0	1.0	1.0	2.0	0	0	0	0	0	0	0	1	131-0.png
0.0	0.0	0.0	0.0	1.0	1.0	2.0	0	0	1	0	0	0	0	1	131-1.png
0.0	0.0	0.0	0.0	1.0	1.0	2.0	0	0	1	0	0	0	0	1	131-2.png
0.0	0.0	0.0	0.0	1.0	1.0	2.0	0	0	1	0	0	0	0	1	131-3.png
0.0	1.0	0.0	0.0	2.0	2.0	0.0	0	1	0	0	0	0	0	1	132-0.png
0.0	0.0	1.0	0.0	0.0	2.0	0.0	0	1	1	0	0	0	1	1	132-1.png
0.0	1.0	0.0	0.0	1.0	2.0	3.0	0	1	0	0	0	0	0	1	132-2.png
0.0	1.0	0.0	0.0	1.0	2.0	3.0	0	1	0	0	0	0	0	1	132-3.png
0.0	0.0	0.0	0.0	2.0	2.0	4.0	0	1	1	0	0	0	0	1	133-0.png
0.0	0.0	0.0	0.0	2.0	2.0	2.0	0	1	1	0	0	0	0	1	133-1.png
0.0	0.0	0.0	0.0	2.0	2.0	2.0	0	1	1	0	0	0	0	1	133-2.png
0.0	0.0	0.0	0.0	2.0	2.0	2.0	0	1	1	0	0	0	0	1	133-3.png
0.0	1.0	0.0	0.0	2.0	2.0	2.0	0	1	0	0	0	0	0	1	133-4.png
0.0	0.0	0.0	0.0	2.0	1.0	2.0	0	0	1	0	0	0	0	1	134-0.png
0.0	0.0	2.0	0.0	2.0	1.0	3.0	0	1	1	0	0	0	0	1	134-1.png
0.0	0.0	0.0	0.0	2.0	1.0	5.0	0	0	1	0	0	0	0	1	135-0.png
0.0	0.0	0.0	0.0	1.0	1.0	5.0	0	0	1	0	0	0	0	1	135-1.png
0.0	0.0	0.0	0.0	2.0	1.0	4.0	0	0	1	0	0	0	0	1	136-0.png
0.0	1.0	0.0	0.0	1.0	2.0	5.0	0	1	0	0	0	0	0	1	137-0.png
0.0	0.0	2.0	0.0	0.0	1.0	6.0	0	1	1	0	0	0	0	1	138-0.png
0.0	0.0	2.0	0.0	0.0	1.0	1.0	0	1	1	0	0	0	0	1	139-0.png
0.0	0.0	2.0	0.0	2.0	1.0	5.0	0	1	1	0	0	0	0	1	139-1.png
0.0	0.0	0.0	0.0	1.0	1.0	6.0	0	0	1	0	0	0	0	1	140-0.png
0.0	0.0	0.0	0.0	1.0	1.0	5.0	0	0	1	0	0	0	0	1	140-1.png
0.0	0.0	1.0	0.0	0.0	1.0	1.0	0	1	1	0	0	0	1	1	141-0.png
0.0	1.0	0.0	0.0	2.0	0.0	3.0	0	1	0	0	0	0	0	1	142-0.png
0.0	0.0	0.0	0.0	2.0	2.0	2.0	0	1	1	0	0	0	0	1	143-0.png
0.0	1.0	0.0	0.0	1.0	2.0	2.0	0	1	0	0	0	0	0	1	144-0.png
0.0	1.0	0.0	0.0	2.0	2.0	3.0	0	1	0	0	0	0	0	1	145-0.png
0.0	0.0	2.0	0.0	0.0	2.0	1.0	0	1	1	0	0	0	0	1	146-0.png
0.0	1.0	0.0	0.0	1.0	2.0	3.0	0	1	0	0	0	0	0	1	147-0.png
0.0	0.0	0.0	0.0	1.0	2.0	1.0	0	1	1	0	0	0	0	1	148-0.png
0.0	0.0	1.0	0.0	2.0	0.0	0.0	0	1	1	0	0	0	0	1	149-0.png
0.0	1.0	0.0	0.0	2.0	1.0	1.0	0	0	0	0	0	0	0	1	150-0.png
0.0	1.0	0.0	0.0	2.0	1.0	1.0	0	0	0	0	0	0	0	1	150-1.png
0.0	0.0	0.0	0.0	1.0	1.0	1.0	0	0	1	0	0	0	0	1	150-2.png
0.0	1.0	0.0	0.0	2.0	1.0	1.0	0	0	0	0	0	0	0	1	150-3.png
0.0	1.0	0.0	0.0	2.0	1.0	5.0	0	0	0	0	0	0	0	1	150-4.png
0.0	0.0	0.0	0.0	2.0	1.0	1.0	0	0	1	0	0	0	0	1	150-5.png
0.0	0.0	0.0	0.0	2.0	1.0	1.0	0	0	1	0	0	0	0	1	150-6.png
0.0	1.0	0.0	0.0	2.0	1.0	1.0	0	0	0	0	0	0	0	1	150-7.png
0.0	1.0	0.0	0.0	1.0	1.0	1.0	0	0	0	0	0	0	0	1	150-8.png
0.0	1.0	0.0	0.0	2.0	1.0	1.0	0	0	0	0	0	0	0	1	150-9.png
0.0	1.0	0.0	0.0	1.0	0.0	4.0	0	1	0	0	0	0	0	1	151-0.png
0.0	1.0	0.0	0.0	1.0	0.0	3.0	0	1	0	0	0	0	0	1	151-1.png
0.0	1.0	0.0	0.0	1.0	0.0	3.0	0	1	0	0	0	0	0	1	151-10.png
0.0	1.0	0.0	0.0	1.0	0.0	4.0	0	1	0	0	0	0	0	1	151-2.png
0.0	0.0	0.0	0.0	1.0	0.0	3.0	0	1	1	0	0	0	0	1	151-3.png
0.0	0.0	2.0	0.0	1.0	0.0	3.0	0	1	1	0	0	0	0	1	151-4.png
0.0	1.0	0.0	0.0	1.0	0.0	4.0	0	1	0	0	0	0	0	1	151-5.png
0.0	1.0	0.0	0.0	1.0	0.0	4.0	0	1	0	0	0	0	0	1	151-6.png
0.0	1.0	0.0	0.0	1.0	0.0	4.0	0	1	0	0	0	0	0	1	151-7.png
0.0	1.0	0.0	0.0	1.0	0.0	3.0	0	1	0	0	0	0	0	1	151-8.png
0.0	1.0	0.0	0.0	2.0	1.0	2.0	0	0	0	0	0	0	0	1	152-0.png
0.0	1.0	0.0	0.0	2.0	1.0	2.0	0	0	0	0	0	0	0	1	152-1.png
0.0	1.0	0.0	0.0	2.0	1.0	2.0	0	0	0	0	0	0	0	1	152-2.png
0.0	0.0	0.0	0.0	2.0	1.0	2.0	0	0	1	0	0	0	0	1	152-3.png
0.0	1.0	0.0	0.0	2.0	1.0	2.0	0	0	0	0	0	0	0	1	152-4.png
0.0	1.0	0.0	0.0	2.0	1.0	2.0	0	0	0	0	0	0	0	1	152-5.png
0.0	1.0	0.0	0.0	2.0	1.0	2.0	0	0	0	0	0	0	0	1	152-6.png
0.0	1.0	0.0	0.0	2.0	1.0	2.0	0	0	0	0	0	0	0	1	152-7.png
0.0	1.0	0.0	0.0	1.0	1.0	2.0	0	0	0	0	0	0	0	1	152-8.png
0.0	0.0	0.0	0.0	2.0	1.0	2.0	0	0	1	0	0	0	0	1	152-9.png
0.0	0.0	0.0	0.0	2.0	2.0	3.0	0	1	1	0	0	0	0	1	153-0.png
0.0	0.0	0.0	0.0	1.0	2.0	3.0	0	1	1	0	0	0	0	1	153-1.png
0.0	0.0	0.0	0.0	2.0	0.0	3.0	0	1	1	0	0	0	0	1	153-2.png
0.0	1.0	0.0	0.0	2.0	2.0	3.0	0	1	0	0	0	0	0	1	153-3.png
0.0	1.0	0.0	0.0	1.0	2.0	3.0	0	1	0	0	0	0	0	1	153-4.png
0.0	1.0	0.0	0.0	1.0	0.0	3.0	0	1	0	0	0	0	0	1	153-5.png
0.0	1.0	0.0	0.0	1.0	0.0	3.0	0	1	0	0	0	0	0	1	153-6.png
0.0	1.0	0.0	0.0	1.0	0.0	4.0	0	1	0	0	0	0	0	1	153-7.png
0.0	0.0	0.0	0.0	1.0	0.0	4.0	0	1	1	0	0	0	0	1	153-8.png
0.0	0.0	0.0	0.0	2.0	2.0	3.0	0	1	1	0	0	0	0	1	153-9.png
0.0	1.0	0.0	0.0	1.0	2.0	3.0	0	1	0	0	0	0	0	1	154-0.png
0.0	1.0	0.0	0.0	1.0	2.0	3.0	0	1	0	0	0	0	0	1	154-1.png
0.0	1.0	0.0	0.0	1.0	2.0	3.0	0	1	0	0	0	0	0	1	154-2.png
0.0	1.0	0.0	0.0	1.0	2.0	3.0	0	1	0	0	0	0	0	1	154-3.png
0.0	1.0	0.0	0.0	1.0	2.0	3.0	0	1	0	0	0	0	0	1	154-4.png
0.0	1.0	0.0	0.0	1.0	1.0	3.0	0	0	0	0	0	0	0	1	154-5.png
0.0	0.0	0.0	0.0	2.0	2.0	3.0	0	1	1	0	0	0	0	1	154-6.png
0.0	1.0	0.0	0.0	1.0	1.0	3.0	0	0	0	0	0	0	0	1	154-7.png
0.0	1.0	0.0	0.0	1.0	1.0	3.0	0	0	0	0	0	0	0	1	154-8.png
0.0	1.0	0.0	0.0	1.0	2.0	3.0	0	1	0	0	0	0	0	1	154-9.png
0.0	0.0	0.0	0.0	1.0	2.0	1.0	0	1	1	0	0	0	0	1	155-0.png
0.0	0.0	0.0	0.0	1.0	2.0	0.0	0	1	1	0	0	0	0	1	155-1.png
0.0	0.0	0.0	0.0	1.0	2.0	0.0	0	1	1	0	0	0	0	1	155-2.png
0.0	0.0	0.0	0.0	1.0	2.0	0.0	0	1	1	0	0	0	0	1	155-3.png
0.0	0.0	0.0	0.0	1.0	2.0	0.0	0	1	1	0	0	0	0	1	155-4.png
0.0	0.0	0.0	0.0	1.0	2.0	0.0	0	1	1	0	0	0	0	1	155-5.png
0.0	0.0	0.0	0.0	1.0	2.0	0.0	0	1	1	0	0	0	0	1	155-6.png
0.0	0.0	0.0	0.0	1.0	2.0	0.0	0	1	1	0	0	0	0	1	155-7.png
0.0	1.0	0.0	0.0	1.0	2.0	1.0	0	1	0	0	0	0	0	1	155-8.png
0.0	1.0	0.0	0.0	2.0	0.0	2.0	0	1	0	0	0	0	0	1	156-0.png
0.0	0.0	2.0	0.0	2.0	1.0	1.0	0	1	1	0	0	0	0	1	157-0.png
0.0	0.0	1.0	1.0	1.0	1.0	5.0	0	1	1	0	0	0	0	0	157-1.png
0.0	0.0	2.0	0.0	2.0	1.0	6.0	0	1	1	0	0	0	0	1	158-0.png
0.0	0.0	0.0	0.0	2.0	0.0	6.0	0	1	1	0	0	0	0	1	158-1.png
0.0	0.0	1.0	0.0	0.0	2.0	1.0	0	1	1	0	0	0	1	1	158-2.png
0.0	1.0	2.0	0.0	2.0	2.0	6.0	0	1	0	0	1	0	0	1	159-0.png
0.0	0.0	1.0	0.0	0.0	2.0	5.0	0	1	1	0	0	0	1	1	159-1.png
0.0	0.0	2.0	0.0	2.0	2.0	1.0	0	1	1	0	0	0	0	1	160-0.png
0.0	1.0	0.0	0.0	1.0	2.0	1.0	0	1	0	0	0	0	0	1	160-1.png
0.0	1.0	0.0	0.0	0.0	1.0	6.0	0	0	0	0	1	0	0	1	161-0.png
0.0	1.0	0.0	2.0	2.0	1.0	6.0	0	0	0	1	1	0	0	0	161-1.png
0.0	1.0	0.0	0.0	2.0	2.0	3.0	0	1	0	0	0	0	0	1	162-0.png
0.0	1.0	0.0	0.0	2.0	2.0	3.0	0	1	0	0	0	0	0	1	162-1.png
0.0	0.0	2.0	0.0	2.0	2.0	2.0	0	1	1	0	0	0	0	1	163-0.png
0.0	0.0	2.0	0.0	2.0	2.0	5.0	0	1	1	0	0	0	0	1	163-1.png
0.0	0.0	0.0	0.0	2.0	2.0	5.0	0	1	1	0	0	0	0	1	164-0.png
0.0	0.0	0.0	0.0	2.0	2.0	6.0	0	1	1	0	0	0	0	1	164-1.png
0.0	0.0	0.0	0.0	1.0	2.0	6.0	0	1	1	0	0	0	0	1	165-0.png
0.0	1.0	0.0	0.0	1.0	2.0	6.0	0	1	0	0	1	0	0	1	165-1.png
0.0	0.0	0.0	0.0	1.0	0.0	6.0	0	1	1	0	0	0	0	1	166-0.png
0.0	0.0	0.0	1.0	2.0	0.0	6.0	0	1	1	0	0	1	0	0	166-1.png
0.0	1.0	0.0	0.0	2.0	0.0	3.0	0	1	0	0	0	0	0	1	167-0.png
0.0	0.0	2.0	0.0	1.0	2.0	6.0	0	1	1	0	0	0	0	1	168-0.png
0.0	0.0	2.0	0.0	1.0	2.0	6.0	0	1	1	0	0	0	0	1	168-1.png
0.0	0.0	2.0	0.0	2.0	1.0	2.0	0	1	1	0	0	0	0	1	169-0.png
0.0	1.0	2.0	0.0	2.0	1.0	2.0	0	1	0	0	0	0	0	1	169-1.png
0.0	1.0	0.0	0.0	1.0	2.0	1.0	0	1	0	0	0	0	0	1	170-0.png
0.0	1.0	0.0	0.0	1.0	2.0	1.0	0	1	0	0	0	0	0	1	170-1.png
0.0	0.0	1.0	0.0	0.0	2.0	5.0	0	1	1	0	0	0	1	1	171-0.png
0.0	1.0	0.0	0.0	2.0	2.0	2.0	0	1	0	0	0	0	0	1	171-1.png
0.0	0.0	0.0	0.0	1.0	1.0	1.0	0	0	1	0	0	0	0	1	172-0.png
0.0	0.0	2.0	0.0	2.0	1.0	6.0	0	1	1	0	0	0	0	1	172-1.png
0.0	0.0	0.0	0.0	2.0	0.0	3.0	0	1	1	0	0	0	0	1	173-0.png
0.0	1.0	0.0	0.0	1.0	0.0	3.0	0	1	0	0	0	0	0	1	173-1.png
0.0	0.0	0.0	0.0	1.0	0.0	3.0	0	1	1	0	0	0	0	1	173-2.png
0.0	0.0	0.0	0.0	2.0	0.0	3.0	0	1	1	0	0	0	0	1	173-3.png
0.0	0.0	0.0	0.0	2.0	0.0	3.0	0	1	1	0	0	0	0	1	173-4.png
0.0	0.0	0.0	0.0	1.0	1.0	2.0	0	0	1	0	0	0	0	1	174-0.png
0.0	0.0	0.0	0.0	1.0	1.0	2.0	0	0	1	0	0	0	0	1	174-1.png
0.0	0.0	0.0	0.0	1.0	1.0	2.0	0	0	1	0	0	0	0	1	174-2.png
0.0	0.0	1.0	0.0	1.0	1.0	5.0	0	1	1	0	0	0	0	1	174-3.png
0.0	0.0	0.0	0.0	1.0	1.0	2.0	0	0	1	0	0	0	0	1	174-4.png
0.0	0.0	0.0	0.0	1.0	2.0	6.0	0	1	1	0	0	0	0	1	174-5.png
0.0	0.0	1.0	0.0	1.0	1.0	5.0	0	1	1	0	0	0	0	1	175-0.png
0.0	0.0	1.0	0.0	1.0	1.0	5.0	0	1	1	0	0	0	0	1	175-1.png
0.0	0.0	0.0	0.0	1.0	0.0	1.0	0	1	1	0	0	0	0	1	176-0.png
0.0	0.0	0.0	0.0	1.0	2.0	2.0	0	1	1	0	0	0	0	1	177-0.png
0.0	1.0	0.0	0.0	1.0	2.0	2.0	0	1	0	0	0	0	0	1	177-1.png
0.0	1.0	2.0	0.0	2.0	1.0	5.0	0	1	0	0	0	0	0	1	178-0.png
0.0	0.0	2.0	0.0	2.0	1.0	5.0	0	1	1	0	0	0	0	1	178-1.png
0.0	0.0	0.0	0.0	1.0	0.0	1.0	0	1	1	0	0	0	0	1	179-0.png
0.0	0.0	0.0	0.0	1.0	0.0	1.0	0	1	1	0	0	0	0	1	179-1.png
0.0	0.0	1.0	0.0	1.0	2.0	5.0	0	1	1	0	0	0	0	1	180-0.png
0.0	1.0	0.0	0.0	2.0	2.0	6.0	0	1	0	0	1	0	0	1	180-1.png
0.0	1.0	0.0	0.0	1.0	0.0	2.0	0	1	0	0	0	0	0	1	181-0.png
0.0	1.0	0.0	0.0	1.0	2.0	2.0	0	1	0	0	0	0	0	1	181-1.png
0.0	1.0	0.0	0.0	1.0	0.0	2.0	0	1	0	0	0	0	0	1	181-2.png
0.0	0.0	1.0	0.0	0.0	1.0	4.0	0	1	1	0	0	0	1	1	182-0.png
0.0	1.0	0.0	0.0	1.0	1.0	3.0	0	0	0	0	0	0	0	1	183-0.png
0.0	0.0	2.0	0.0	2.0	1.0	1.0	0	1	1	0	0	0	0	1	184-0.png
0.0	0.0	2.0	2.0	2.0	1.0	1.0	0	1	1	1	0	0	0	0	184-1.png
0.0	0.0	1.0	0.0	2.0	1.0	1.0	0	1	1	0	0	0	0	1	185-0.png
0.0	0.0	1.0	0.0	2.0	2.0	1.0	0	1	1	0	0	0	0	1	185-1.png
0.0	0.0	2.0	0.0	0.0	1.0	6.0	0	1	1	0	0	0	0	1	186-0.png
0.0	0.0	2.0	0.0	2.0	1.0	6.0	0	1	1	0	0	0	0	1	186-1.png
0.0	1.0	0.0	0.0	2.0	2.0	1.0	0	1	0	0	0	0	0	1	187-0.png
0.0	0.0	0.0	0.0	2.0	1.0	2.0	0	0	1	0	0	0	0	1	187-1.png
0.0	1.0	0.0	0.0	2.0	2.0	6.0	0	1	0	0	1	0	0	1	188-0.png
0.0	1.0	2.0	0.0	2.0	2.0	6.0	0	1	0	0	1	0	0	1	188-1.png
0.0	0.0	2.0	0.0	2.0	2.0	6.0	0	1	1	0	0	0	0	1	189-0.png
0.0	0.0	1.0	0.0	2.0	1.0	6.0	0	1	1	0	0	0	0	1	190-0.png
0.0	0.0	1.0	0.0	2.0	1.0	5.0	0	1	1	0	0	0	0	1	190-1.png
0.0	1.0	0.0	0.0	2.0	2.0	2.0	0	1	0	0	0	0	0	1	191-0.png
0.0	1.0	0.0	0.0	2.0	1.0	5.0	0	0	0	0	0	0	0	1	192-0.png
0.0	1.0	0.0	0.0	2.0	1.0	5.0	0	0	0	0	0	0	0	1	192-1.png
0.0	0.0	0.0	0.0	2.0	2.0	2.0	0	1	1	0	0	0	0	1	193-0.png
0.0	0.0	0.0	0.0	1.0	2.0	2.0	0	1	1	0	0	0	0	1	193-1.png
0.0	0.0	0.0	0.0	2.0	2.0	6.0	0	1	1	0	0	0	0	1	193-2.png
0.0	1.0	0.0	0.0	1.0	2.0	6.0	0	1	0	0	1	0	0	1	193-3.png
0.0	1.0	0.0	0.0	1.0	2.0	5.0	0	1	0	0	0	0	0	1	194-0.png
0.0	1.0	2.0	0.0	2.0	1.0	1.0	0	1	0	0	0	0	0	1	194-1.png
0.0	0.0	0.0	0.0	1.0	2.0	1.0	0	1	1	0	0	0	0	1	195-0.png
0.0	0.0	2.0	0.0	1.0	1.0	1.0	0	1	1	0	0	0	0	1	195-1.png
0.0	0.0	0.0	0.0	2.0	2.0	6.0	0	1	1	0	0	0	0	1	196-0.png
0.0	0.0	2.0	0.0	1.0	2.0	5.0	0	1	1	0	0	0	0	1	197-0.png
0.0	0.0	2.0	2.0	1.0	2.0	5.0	0	1	1	0	0	0	0	0	197-1.png
0.0	0.0	0.0	0.0	1.0	2.0	1.0	0	1	1	0	0	0	0	1	198-0.png
0.0	0.0	0.0	0.0	2.0	0.0	1.0	0	1	1	0	0	0	0	1	198-1.png
0.0	0.0	0.0	0.0	1.0	2.0	2.0	0	1	1	0	0	0	0	1	199-0.png
0.0	1.0	0.0	0.0	1.0	2.0	2.0	0	1	0	0	0	0	0	1	199-1.png
0.0	1.0	0.0	0.0	1.0	0.0	2.0	0	1	0	0	0	0	0	1	199-2.png
0.0	1.0	0.0	0.0	1.0	0.0	3.0	0	1	0	0	0	0	0	1	199-3.png
0.0	0.0	2.0	0.0	0.0	0.0	5.0	0	1	1	0	0	0	0	1	200-0.png
0.0	0.0	2.0	0.0	2.0	1.0	2.0	0	1	1	0	0	0	0	1	201-0.png
0.0	0.0	0.0	0.0	2.0	2.0	1.0	0	1	1	0	0	0	0	1	202-0.png
0.0	0.0	2.0	0.0	2.0	2.0	5.0	0	1	1	0	0	0	0	1	202-1.png
0.0	0.0	0.0	0.0	2.0	2.0	1.0	0	1	1	0	0	0	0	1	202-2.png
0.0	0.0	0.0	0.0	2.0	2.0	1.0	0	1	1	0	0	0	0	1	202-3.png
0.0	0.0	0.0	0.0	2.0	2.0	1.0	0	1	1	0	0	0	0	1	202-4.png
0.0	1.0	0.0	0.0	2.0	0.0	3.0	0	1	0	0	0	0	0	1	203-0.png
0.0	0.0	2.0	0.0	2.0	0.0	2.0	0	1	1	0	0	0	0	1	203-1.png
0.0	1.0	0.0	0.0	2.0	0.0	2.0	0	1	0	0	0	0	0	1	203-2.png
0.0	1.0	0.0	0.0	0.0	0.0	2.0	0	1	0	0	0	0	0	1	203-3.png
0.0	0.0	0.0	0.0	2.0	0.0	2.0	0	1	1	0	0	0	0	1	203-4.png
0.0	0.0	0.0	0.0	1.0	2.0	3.0	0	1	1	0	0	0	0	1	204-0.png
0.0	1.0	0.0	0.0	1.0	2.0	4.0	0	1	0	0	0	0	0	1	204-1.png
0.0	1.0	0.0	0.0	1.0	2.0	4.0	0	1	0	0	0	0	0	1	204-3.png
0.0	0.0	0.0	0.0	1.0	2.0	0.0	0	1	1	0	0	0	0	1	204-4.png
0.0	1.0	0.0	0.0	2.0	2.0	0.0	0	1	0	0	0	0	0	1	204-5.png
0.0	1.0	0.0	0.0	1.0	2.0	3.0	0	1	0	0	0	0	0	1	205-0.png
0.0	1.0	0.0	0.0	1.0	2.0	3.0	0	1	0	0	0	0	0	1	205-1.png
0.0	1.0	0.0	2.0	2.0	2.0	3.0	0	1	0	1	0	0	0	0	205-2.png
0.0	0.0	0.0	0.0	1.0	2.0	3.0	0	1	1	0	0	0	0	1	205-3.png
0.0	1.0	0.0	0.0	1.0	2.0	3.0	0	1	0	0	0	0	0	1	205-4.png
0.0	0.0	0.0	0.0	2.0	1.0	4.0	0	0	1	0	0	0	0	1	206-0.png
0.0	1.0	0.0	0.0	2.0	1.0	4.0	0	0	0	0	0	0	0	1	206-1.png
0.0	1.0	0.0	0.0	1.0	1.0	3.0	0	0	0	0	0	0	0	1	206-2.png
0.0	0.0	0.0	0.0	2.0	1.0	3.0	0	0	1	0	0	0	0	1	206-3.png
0.0	0.0	0.0	0.0	1.0	1.0	3.0	0	0	1	0	0	0	0	1	206-4.png
0.0	1.0	0.0	0.0	1.0	2.0	1.0	0	1	0	0	0	0	0	1	207-0.png
0.0	0.0	0.0	0.0	1.0	2.0	1.0	0	1	1	0	0	0	0	1	207-1.png
0.0	0.0	0.0	0.0	1.0	2.0	6.0	0	1	1	0	0	0	0	1	207-2.png
0.0	1.0	0.0	0.0	1.0	2.0	1.0	0	1	0	0	0	0	0	1	207-3.png
0.0	1.0	0.0	0.0	1.0	2.0	0.0	0	1	0	0	0	0	0	1	207-4.png
0.0	1.0	0.0	0.0	1.0	2.0	0.0	0	1	0	0	0	0	0	1	207-5.png
0.0	1.0	0.0	0.0	1.0	0.0	4.0	0	1	0	0	0	0	0	1	208-0.png
0.0	0.0	1.0	0.0	1.0	0.0	5.0	0	1	1	0	0	0	0	1	208-1.png
0.0	1.0	0.0	0.0	1.0	0.0	4.0	0	1	0	0	0	0	0	1	208-2.png
0.0	0.0	1.0	0.0	1.0	0.0	5.0	0	1	1	0	0	0	0	1	208-3.png
0.0	0.0	0.0	0.0	1.0	0.0	4.0	0	1	1	0	0	0	0	1	208-4.png
0.0	0.0	0.0	0.0	1.0	2.0	5.0	0	1	1	0	0	0	0	1	209-0.png
0.0	1.0	0.0	0.0	1.0	2.0	2.0	0	1	0	0	0	0	0	1	209-1.png
0.0	0.0	0.0	0.0	1.0	2.0	5.0	0	1	1	0	0	0	0	1	209-2.png
0.0	1.0	0.0	0.0	1.0	2.0	1.0	0	1	0	0	0	0	0	1	209-3.png
0.0	0.0	0.0	0.0	1.0	2.0	2.0	0	1	1	0	0	0	0	1	209-4.png
0.0	0.0	2.0	0.0	2.0	1.0	6.0	0	1	1	0	0	0	0	1	210-0.png
0.0	0.0	2.0	0.0	2.0	1.0	6.0	0	1	1	0	0	0	0	1	210-1.png
0.0	0.0	0.0	0.0	2.0	0.0	3.0	0	1	1	0	0	0	0	1	211-0.png
0.0	1.0	0.0	0.0	1.0	0.0	2.0	0	1	0	0	0	0	0	1	211-1.png
0.0	0.0	2.0	0.0	0.0	2.0	5.0	0	1	1	0	0	0	0	1	212-0.png
0.0	0.0	2.0	0.0	2.0	2.0	2.0	0	1	1	0	0	0	0	1	212-1.png
0.0	0.0	2.0	0.0	2.0	2.0	6.0	0	1	1	0	0	0	0	1	212-2.png
0.0	0.0	2.0	0.0	2.0	2.0	2.0	0	1	1	0	0	0	0	1	213-0.png
0.0	0.0	2.0	0.0	2.0	2.0	5.0	0	1	1	0	0	0	0	1	213-1.png
0.0	0.0	2.0	0.0	2.0	2.0	6.0	0	1	1	0	0	0	0	1	213-2.png
0.0	0.0	2.0	0.0	2.0	0.0	6.0	0	1	1	0	0	0	0	1	214-0.png
0.0	0.0	2.0	0.0	2.0	0.0	6.0	0	1	1	0	0	0	0	1	214-1.png
0.0	0.0	0.0	0.0	1.0	2.0	6.0	0	1	1	0	0	0	0	1	215-0.png
0.0	0.0	0.0	0.0	1.0	1.0	6.0	0	0	1	0	0	0	0	1	215-1.png
0.0	0.0	1.0	0.0	1.0	2.0	5.0	0	1	1	0	0	0	0	1	216-0.png
0.0	0.0	0.0	0.0	2.0	2.0	2.0	0	1	1	0	0	0	0	1	216-1.png
0.0	0.0	0.0	0.0	0.0	0.0	6.0	0	1	1	0	0	0	0	1	217-0.png
0.0	1.0	0.0	0.0	2.0	0.0	2.0	0	1	0	0	0	0	0	1	217-1.png
0.0	0.0	2.0	0.0	0.0	0.0	6.0	0	1	1	0	0	0	0	1	217-2.png
0.0	0.0	0.0	0.0	2.0	1.0	3.0	0	0	1	0	0	0	0	1	218-0.png
0.0	0.0	2.0	0.0	1.0	1.0	1.0	0	1	1	0	0	0	0	1	219-0.png
0.0	0.0	0.0	0.0	2.0	0.0	6.0	0	1	1	0	0	0	0	1	220-0.png
0.0	0.0	1.0	0.0	0.0	1.0	0.0	0	1	1	0	0	0	1	1	221-0.png
0.0	0.0	2.0	0.0	0.0	2.0	1.0	0	1	1	0	0	0	0	1	222-0.png
0.0	0.0	2.0	0.0	2.0	1.0	6.0	0	1	1	0	0	0	0	1	223-0.png
0.0	0.0	1.0	0.0	0.0	2.0	5.0	0	1	1	0	0	0	1	1	224-0.png
0.0	1.0	2.0	0.0	2.0	2.0	2.0	0	1	0	0	0	0	0	1	225-0.png
0.0	0.0	0.0	0.0	1.0	0.0	3.0	0	1	1	0	0	0	0	1	226-0.png
0.0	0.0	0.0	0.0	0.0	0.0	2.0	0	1	1	0	0	0	0	1	227-0.png
0.0	1.0	2.0	0.0	2.0	2.0	3.0	0	1	0	0	0	0	0	1	228-0.png
0.0	0.0	0.0	0.0	1.0	1.0	6.0	0	0	1	0	0	0	0	1	229-0.png
0.0	0.0	1.0	0.0	1.0	0.0	0.0	0	1	1	0	0	0	0	1	230-0.png
0.0	0.0	0.0	0.0	1.0	0.0	6.0	0	1	1	0	0	0	0	1	230-1.png
0.0	0.0	0.0	0.0	2.0	2.0	5.0	0	1	1	0	0	0	0	1	231-0.png
0.0	0.0	0.0	0.0	2.0	2.0	6.0	0	1	1	0	0	0	0	1	231-1.png
0.0	0.0	0.0	0.0	2.0	2.0	6.0	0	1	1	0	0	0	0	1	232-0.png
0.0	0.0	0.0	0.0	2.0	2.0	5.0	0	1	1	0	0	0	0	1	232-1.png
0.0	0.0	1.0	0.0	1.0	2.0	5.0	0	1	1	0	0	0	0	1	233-0.png
0.0	0.0	0.0	0.0	1.0	2.0	2.0	0	1	1	0	0	0	0	1	233-1.png
0.0	0.0	0.0	0.0	1.0	1.0	3.0	0	0	1	0	0	0	0	1	234-0.png
0.0	0.0	2.0	0.0	1.0	1.0	3.0	0	1	1	0	0	0	0	1	234-1.png
0.0	1.0	0.0	0.0	1.0	0.0	4.0	0	1	0	0	0	0	0	1	235-0.png
0.0	0.0	0.0	0.0	1.0	0.0	3.0	0	1	1	0	0	0	0	1	235-1.png
0.0	0.0	0.0	0.0	2.0	0.0	2.0	0	1	1	0	0	0	0	1	236-0.png
0.0	0.0	0.0	0.0	1.0	2.0	1.0	0	1	1	0	0	0	0	1	237-0.png
0.0	0.0	0.0	0.0	1.0	2.0	0.0	0	1	1	0	0	0	0	1	237-1.png
0.0	0.0	0.0	0.0	0.0	0.0	5.0	0	1	1	0	0	0	0	1	238-0.png
0.0	0.0	1.0	0.0	1.0	1.0	5.0	0	1	1	0	0	0	0	1	239-0.png
0.0	0.0	2.0	0.0	0.0	1.0	3.0	0	1	1	0	0	0	0	1	239-1.png
0.0	0.0	2.0	0.0	0.0	2.0	2.0	0	1	1	0	0	0	0	1	239-2.png
0.0	1.0	0.0	0.0	2.0	2.0	2.0	0	1	0	0	0	0	0	1	239-3.png
0.0	0.0	2.0	0.0	2.0	2.0	6.0	0	1	1	0	0	0	0	1	240-0.png
0.0	0.0	2.0	0.0	2.0	2.0	6.0	0	1	1	0	0	0	0	1	240-1.png
0.0	0.0	0.0	0.0	2.0	2.0	6.0	0	1	1	0	0	0	0	1	241-0.png
0.0	0.0	0.0	0.0	2.0	2.0	6.0	0	1	1	0	0	0	0	1	241-1.png
0.0	0.0	0.0	0.0	2.0	2.0	6.0	0	1	1	0	0	0	0	1	241-2.png
0.0	0.0	2.0	0.0	2.0	2.0	1.0	0	1	1	0	0	0	0	1	241-3.png
0.0	0.0	0.0	0.0	1.0	2.0	5.0	0	1	1	0	0	0	0	1	242-0.png
0.0	0.0	2.0	0.0	2.0	2.0	2.0	0	1	1	0	0	0	0	1	242-1.png
0.0	0.0	0.0	0.0	1.0	2.0	2.0	0	1	1	0	0	0	0	1	242-2.png
0.0	0.0	0.0	0.0	2.0	2.0	3.0	0	1	1	0	0	0	0	1	243-0.png
0.0	0.0	0.0	0.0	2.0	2.0	3.0	0	1	1	0	0	0	0	1	243-1.png
0.0	0.0	2.0	0.0	1.0	2.0	2.0	0	1	1	0	0	0	0	1	243-2.png
0.0	0.0	0.0	0.0	1.0	1.0	5.0	0	0	1	0	0	0	0	1	244-0.png
0.0	0.0	1.0	0.0	1.0	2.0	0.0	0	1	1	0	0	0	0	1	245-0.png
0.0	0.0	0.0	0.0	2.0	2.0	2.0	0	1	1	0	0	0	0	1	246-0.png
0.0	0.0	2.0	0.0	2.0	2.0	3.0	0	1	1	0	0	0	0	1	246-1.png
0.0	1.0	2.0	0.0	2.0	2.0	3.0	0	1	0	0	0	0	0	1	246-2.png
0.0	1.0	2.0	0.0	2.0	2.0	3.0	0	1	0	0	0	0	0	1	246-3.png
0.0	0.0	2.0	0.0	2.0	0.0	3.0	0	1	1	0	0	0	0	1	247-0.png
0.0	1.0	0.0	0.0	1.0	0.0	4.0	0	1	0	0	0	0	0	1	247-1.png
0.0	0.0	1.0	0.0	1.0	0.0	5.0	0	1	1	0	0	0	0	1	247-2.png
0.0	0.0	0.0	0.0	1.0	0.0	4.0	0	1	1	0	0	0	0	1	247-3.png
0.0	0.0	2.0	0.0	2.0	0.0	3.0	0	1	1	0	0	0	0	1	247-4.png
0.0	0.0	2.0	0.0	2.0	2.0	2.0	0	1	1	0	0	0	0	1	248-0.png
0.0	0.0	2.0	0.0	2.0	2.0	2.0	0	1	1	0	0	0	0	1	248-1.png
0.0	0.0	2.0	0.0	2.0	0.0	2.0	0	1	1	0	0	0	0	1	248-2.png
0.0	0.0	2.0	0.0	2.0	2.0	5.0	0	1	1	0	0	0	0	1	248-3.png
0.0	0.0	1.0	0.0	1.0	2.0	5.0	0	1	1	0	0	0	0	1	248-4.png
0.0	0.0	0.0	0.0	1.0	0.0	3.0	0	1	1	0	0	0	0	1	249-0.png
0.0	0.0	2.0	0.0	0.0	0.0	2.0	0	1	1	0	0	0	0	1	250-0.png
0.0	0.0	2.0	0.0	2.0	0.0	2.0	0	1	1	0	0	0	0	1	250-1.png
0.0	0.0	0.0	0.0	1.0	0.0	2.0	0	1	1	0	0	0	0	1	251-0.png
0.0	1.0	0.0	0.0	1.0	0.0	2.0	0	1	0	0	0	0	0	1	252-0.png
0.0	0.0	0.0	0.0	1.0	0.0	6.0	0	1	1	0	0	0	0	1	253-0.png
0.0	0.0	1.0	0.0	0.0	0.0	0.0	0	1	1	0	0	0	1	1	254-0.png
0.0	0.0	1.0	0.0	0.0	0.0	1.0	0	1	1	0	0	0	1	1	254-1.png
0.0	0.0	2.0	0.0	0.0	0.0	1.0	0	1	1	0	0	0	0	1	255-0.png
0.0	1.0	0.0	0.0	1.0	2.0	5.0	0	1	0	0	0	0	0	1	256-0.png
0.0	0.0	0.0	0.0	1.0	2.0	6.0	0	1	1	0	0	0	0	1	256-1.png
0.0	0.0	2.0	0.0	1.0	1.0	4.0	0	1	1	0	0	0	0	1	257-0.png
0.0	0.0	1.0	0.0	2.0	1.0	5.0	0	1	1	0	0	0	0	1	258-0.png
0.0	1.0	0.0	0.0	1.0	0.0	3.0	0	1	0	0	0	0	0	1	259-0.png
0.0	1.0	0.0	0.0	2.0	2.0	3.0	0	1	0	0	0	0	0	1	259-1.png
0.0	0.0	2.0	0.0	2.0	1.0	3.0	0	1	1	0	0	0	0	1	260-0.png
0.0	0.0	2.0	0.0	2.0	1.0	1.0	0	1	1	0	0	0	0	1	261-0.png
0.0	1.0	2.0	0.0	2.0	1.0	2.0	0	1	0	0	0	0	0	1	262-0.png
0.0	0.0	1.0	0.0	0.0	1.0	4.0	0	1	1	0	0	0	1	1	263-0.png
0.0	0.0	0.0	0.0	1.0	1.0	2.0	0	0	1	0	0	0	0	1	264-0.png
0.0	0.0	1.0	0.0	2.0	1.0	5.0	0	1	1	0	0	0	0	1	265-0.png
0.0	0.0	2.0	0.0	0.0	2.0	6.0	0	1	1	0	0	0	0	1	266-0.png
0.0	0.0	0.0	0.0	1.0	0.0	2.0	0	1	1	0	0	0	0	1	267-0.png
0.0	0.0	0.0	0.0	2.0	2.0	3.0	0	1	1	0	0	0	0	1	268-0.png
0.0	0.0	1.0	0.0	2.0	1.0	3.0	0	1	1	0	0	0	0	1	269-0.png
0.0	0.0	2.0	0.0	2.0	1.0	5.0	0	1	1	0	0	0	0	1	270-0.png
0.0	0.0	1.0	0.0	0.0	0.0	0.0	0	1	1	0	0	0	1	1	272-0.png
0.0	1.0	0.0	0.0	2.0	0.0	2.0	0	1	0	0	0	0	0	1	272-1.png
0.0	1.0	0.0	0.0	2.0	0.0	2.0	0	1	0	0	0	0	0	1	272-2.png
0.0	0.0	0.0	0.0	1.0	2.0	5.0	0	1	1	0	0	0	0	1	272-3.png
0.0	0.0	2.0	0.0	2.0	0.0	5.0	0	1	1	0	0	0	0	1	273-0.png
0.0	0.0	0.0	0.0	2.0	0.0	3.0	0	1	1	0	0	0	0	1	273-1.png
0.0	0.0	2.0	0.0	0.0	2.0	5.0	0	1	1	0	0	0	0	1	273-2.png
0.0	0.0	2.0	0.0	0.0	0.0	2.0	0	1	1	0	0	0	0	1	273-3.png
0.0	0.0	2.0	0.0	2.0	2.0	3.0	0	1	1	0	0	0	0	1	273-4.png
0.0	0.0	0.0	0.0	1.0	2.0	6.0	0	1	1	0	0	0	0	1	274-0.png
0.0	0.0	1.0	0.0	1.0	2.0	5.0	0	1	1	0	0	0	0	1	274-1.png
0.0	1.0	0.0	0.0	1.0	2.0	5.0	0	1	0	0	0	0	0	1	274-2.png
0.0	0.0	0.0	0.0	1.0	2.0	6.0	0	1	1	0	0	0	0	1	274-3.png
0.0	0.0	2.0	0.0	1.0	1.0	6.0	0	1	1	0	0	0	0	1	275-0.png
0.0	0.0	2.0	0.0	2.0	1.0	1.0	0	1	1	0	0	0	0	1	275-1.png
0.0	0.0	2.0	2.0	1.0	1.0	0.0	0	1	1	0	0	0	0	0	276-0.png
0.0	0.0	0.0	1.0	1.0	1.0	1.0	0	0	1	0	0	1	0	0	276-1.png
0.0	0.0	2.0	0.0	2.0	2.0	1.0	0	1	1	0	0	0	0	1	277-0.png
0.0	0.0	0.0	0.0	2.0	2.0	1.0	0	1	1	0	0	0	0	1	277-1.png
0.0	0.0	0.0	0.0	1.0	0.0	6.0	0	1	1	0	0	0	0	1	278-0.png
0.0	0.0	2.0	0.0	1.0	0.0	6.0	0	1	1	0	0	0	0	1	278-1.png
0.0	0.0	2.0	0.0	2.0	2.0	5.0	0	1	1	0	0	0	0	1	279-0.png
0.0	1.0	0.0	0.0	2.0	2.0	5.0	0	1	0	0	0	0	0	1	279-1.png
0.0	0.0	0.0	0.0	2.0	2.0	2.0	0	1	1	0	0	0	0	1	280-0.png
0.0	0.0	0.0	0.0	2.0	2.0	2.0	0	1	1	0	0	0	0	1	280-1.png
0.0	0.0	2.0	0.0	2.0	1.0	6.0	0	1	1	0	0	0	0	1	281-0.png
0.0	0.0	2.0	0.0	2.0	0.0	1.0	0	1	1	0	0	0	0	1	281-1.png
0.0	1.0	0.0	0.0	1.0	2.0	6.0	0	1	0	0	1	0	0	1	282-0.png
0.0	1.0	0.0	0.0	1.0	2.0	5.0	0	1	0	0	0	0	0	1	282-1.png
0.0	0.0	2.0	0.0	1.0	0.0	1.0	0	1	1	0	0	0	0	1	283-0.png
0.0	0.0	2.0	1.0	1.0	0.0	1.0	0	1	1	0	0	0	0	0	283-1.png
0.0	0.0	2.0	0.0	0.0	1.0	1.0	0	1	1	0	0	0	0	1	285-0.png
0.0	0.0	0.0	0.0	2.0	1.0	1.0	0	0	1	0	0	0	0	1	285-1.png
0.0	0.0	2.0	0.0	2.0	1.0	0.0	0	1	1	0	0	0	0	1	285-2.png
0.0	1.0	0.0	0.0	2.0	1.0	1.0	0	0	0	0	0	0	0	1	285-3.png
0.0	1.0	0.0	0.0	2.0	1.0	1.0	0	0	0	0	0	0	0	1	285-4.png
0.0	0.0	0.0	0.0	1.0	0.0	3.0	0	1	1	0	0	0	0	1	286-0.png
0.0	0.0	0.0	0.0	2.0	0.0	3.0	0	1	1	0	0	0	0	1	286-1.png
0.0	0.0	1.0	0.0	0.0	0.0	0.0	0	1	1	0	0	0	1	1	286-2.png
0.0	1.0	0.0	0.0	1.0	0.0	3.0	0	1	0	0	0	0	0	1	286-3.png
0.0	1.0	0.0	0.0	1.0	2.0	1.0	0	1	0	0	0	0	0	1	287-0.png
0.0	1.0	0.0	0.0	1.0	2.0	1.0	0	1	0	0	0	0	0	1	287-1.png
0.0	0.0	0.0	0.0	1.0	2.0	1.0	0	1	1	0	0	0	0	1	287-2.png
0.0	0.0	0.0	0.0	1.0	2.0	5.0	0	1	1	0	0	0	0	1	287-3.png
0.0	1.0	0.0	0.0	1.0	2.0	5.0	0	1	0	0	0	0	0	1	287-4.png
0.0	1.0	0.0	0.0	1.0	2.0	0.0	0	1	0	0	0	0	0	1	288-0.png
0.0	1.0	2.0	0.0	1.0	2.0	0.0	0	1	0	0	0	0	0	1	288-1.png
0.0	0.0	2.0	0.0	2.0	2.0	0.0	0	1	1	0	0	0	0	1	288-2.png
0.0	1.0	0.0	0.0	1.0	2.0	0.0	0	1	0	0	0	0	0	1	288-3.png
0.0	1.0	2.0	0.0	1.0	2.0	0.0	0	1	0	0	0	0	0	1	288-4.png
0.0	1.0	0.0	0.0	2.0	2.0	1.0	0	1	0	0	0	0	0	1	289-0.png
0.0	1.0	0.0	0.0	1.0	0.0	1.0	0	1	0	0	0	0	0	1	289-1.png
0.0	0.0	0.0	0.0	1.0	0.0	6.0	0	1	1	0	0	0	0	1	289-2.png
0.0	0.0	0.0	0.0	2.0	2.0	1.0	0	1	1	0	0	0	0	1	289-3.png
0.0	0.0	0.0	0.0	2.0	2.0	1.0	0	1	1	0	0	0	0	1	289-4.png
0.0	0.0	0.0	0.0	2.0	2.0	3.0	0	1	1	0	0	0	0	1	290-0.png
0.0	0.0	0.0	0.0	1.0	1.0	6.0	0	0	1	0	0	0	0	1	291-0.png
0.0	0.0	2.0	0.0	1.0	1.0	6.0	0	1	1	0	0	0	0	1	291-1.png
0.0	0.0	1.0	0.0	1.0	1.0	5.0	0	1	1	0	0	0	0	1	291-2.png
0.0	0.0	0.0	0.0	1.0	1.0	6.0	0	0	1	0	0	0	0	1	291-3.png
0.0	0.0	0.0	0.0	1.0	2.0	1.0	0	1	1	0	0	0	0	1	292-0.png
0.0	1.0	2.0	0.0	2.0	2.0	1.0	0	1	0	0	0	0	0	1	292-1.png
0.0	0.0	0.0	0.0	2.0	2.0	1.0	0	1	1	0	0	0	0	1	292-2.png
0.0	0.0	0.0	0.0	1.0	2.0	1.0	0	1	1	0	0	0	0	1	292-3.png
0.0	0.0	0.0	0.0	2.0	2.0	1.0	0	1	1	0	0	0	0	1	292-4.png
0.0	0.0	0.0	0.0	2.0	1.0	2.0	0	0	1	0	0	0	0	1	293-0.png
0.0	0.0	0.0	0.0	1.0	1.0	2.0	0	0	1	0	0	0	0	1	293-1.png
0.0	0.0	1.0	0.0	1.0	1.0	5.0	0	1	1	0	0	0	0	1	293-2.png
0.0	1.0	0.0	0.0	2.0	1.0	2.0	0	0	0	0	0	0	0	1	293-3.png
0.0	1.0	0.0	0.0	1.0	1.0	2.0	0	0	0	0	0	0	0	1	293-4.png
0.0	0.0	0.0	0.0	1.0	0.0	1.0	0	1	1	0	0	0	0	1	294-0.png
0.0	1.0	0.0	0.0	1.0	0.0	1.0	0	1	0	0	0	0	0	1	294-1.png
0.0	0.0	1.0	0.0	1.0	0.0	5.0	0	1	1	0	0	0	0	1	294-2.png
0.0	1.0	0.0	0.0	1.0	0.0	1.0	0	1	0	0	0	0	0	1	294-3.png
0.0	1.0	0.0	0.0	1.0	0.0	5.0	0	1	0	0	0	0	0	1	295-0.png
0.0	0.0	0.0	0.0	2.0	0.0	5.0	0	1	1	0	0	0	0	1	295-1.png
0.0	1.0	0.0	0.0	1.0	0.0	0.0	0	1	0	0	0	0	0	1	296-0.png
0.0	1.0	0.0	0.0	2.0	0.0	0.0	0	1	0	0	0	0	0	1	296-1.png
0.0	1.0	0.0	0.0	1.0	0.0	2.0	0	1	0	0	0	0	0	1	296-2.png
0.0	0.0	0.0	0.0	2.0	0.0	2.0	0	1	1	0	0	0	0	1	297-0.png
0.0	0.0	2.0	0.0	2.0	0.0	5.0	0	1	1	0	0	0	0	1	297-1.png
0.0	0.0	2.0	0.0	2.0	0.0	2.0	0	1	1	0	0	0	0	1	297-2.png
0.0	1.0	2.0	0.0	0.0	0.0	3.0	0	1	0	0	0	0	0	1	298-0.png
0.0	0.0	2.0	0.0	0.0	0.0	3.0	0	1	1	0	0	0	0	1	298-1.png
0.0	0.0	2.0	0.0	0.0	0.0	3.0	0	1	1	0	0	0	0	1	298-2.png
0.0	0.0	0.0	0.0	1.0	0.0	3.0	0	1	1	0	0	0	0	1	299-0.png
0.0	0.0	0.0	0.0	1.0	0.0	3.0	0	1	1	0	0	0	0	1	299-1.png
0.0	0.0	0.0	0.0	1.0	0.0	3.0	0	1	1	0	0	0	0	1	299-2.png
0.0	0.0	0.0	0.0	2.0	0.0	2.0	0	1	1	0	0	0	0	1	300-0.png
0.0	0.0	0.0	0.0	1.0	0.0	2.0	0	1	1	0	0	0	0	1	300-1.png
0.0	0.0	0.0	0.0	1.0	0.0	5.0	0	1	1	0	0	0	0	1	300-2.png
0.0	1.0	0.0	0.0	1.0	0.0	2.0	0	1	0	0	0	0	0	1	301-0.png
0.0	1.0	0.0	0.0	1.0	0.0	2.0	0	1	0	0	0	0	0	1	301-1.png
0.0	0.0	0.0	0.0	2.0	0.0	1.0	0	1	1	0	0	0	0	1	302-0.png
0.0	1.0	0.0	0.0	1.0	2.0	2.0	0	1	0	0	0	0	0	1	303-0.png
0.0	0.0	0.0	0.0	1.0	0.0	2.0	0	1	1	0	0	0	0	1	304-0.png
0.0	0.0	0.0	0.0	1.0	2.0	1.0	0	1	1	0	0	0	0	1	305-0.png
0.0	0.0	0.0	0.0	1.0	2.0	3.0	0	1	1	0	0	0	0	1	307-0.png
0.0	0.0	0.0	0.0	1.0	0.0	4.0	0	1	1	0	0	0	0	1	308-0.png
0.0	0.0	1.0	0.0	0.0	0.0	0.0	0	1	1	0	0	0	1	1	310-0.png
0.0	1.0	2.0	0.0	2.0	1.0	3.0	0	1	0	0	0	0	0	1	312-0.png
0.0	1.0	0.0	0.0	1.0	2.0	2.0	0	1	0	0	0	0	0	1	313-0.png
0.0	1.0	0.0	0.0	1.0	2.0	4.0	0	1	0	0	0	0	0	1	314-0.png
0.0	1.0	0.0	0.0	2.0	2.0	3.0	0	1	0	0	0	0	0	1	315-0.png
0.0	1.0	0.0	0.0	1.0	2.0	2.0	0	1	0	0	0	0	0	1	315-1.png
0.0	1.0	0.0	0.0	1.0	2.0	2.0	0	1	0	0	0	0	0	1	315-2.png
0.0	0.0	0.0	0.0	1.0	2.0	4.0	0	1	1	0	0	0	0	1	315-3.png
0.0	0.0	0.0	0.0	1.0	2.0	3.0	0	1	1	0	0	0	0	1	315-4.png
0.0	0.0	2.0	0.0	2.0	2.0	3.0	0	1	1	0	0	0	0	1	315-5.png
0.0	0.0	2.0	0.0	1.0	2.0	3.0	0	1	1	0	0	0	0	1	315-6.png
0.0	1.0	0.0	0.0	2.0	1.0	6.0	0	0	0	0	1	0	0	1	316-0.png
0.0	0.0	1.0	0.0	0.0	1.0	5.0	0	1	1	0	0	0	1	1	317-0.png
0.0	0.0	1.0	0.0	0.0	2.0	1.0	0	1	1	0	0	0	1	1	318-0.png
0.0	0.0	1.0	0.0	0.0	0.0	1.0	0	1	1	0	0	0	1	1	319-0.png
0.0	0.0	0.0	0.0	1.0	0.0	1.0	0	1	1	0	0	0	0	1	320-0.png
0.0	0.0	0.0	0.0	2.0	0.0	1.0	0	1	1	0	0	0	0	1	320-1.png
0.0	0.0	2.0	0.0	2.0	1.0	5.0	0	1	1	0	0	0	0	1	321-0.png
0.0	0.0	2.0	0.0	2.0	2.0	1.0	0	1	1	0	0	0	0	1	321-1.png
0.0	0.0	2.0	0.0	2.0	1.0	6.0	0	1	1	0	0	0	0	1	322-0.png
0.0	1.0	0.0	0.0	2.0	1.0	5.0	0	0	0	0	0	0	0	1	323-0.png
0.0	0.0	2.0	0.0	1.0	2.0	1.0	0	1	1	0	0	0	0	1	324-0.png
0.0	1.0	2.0	0.0	2.0	2.0	1.0	0	1	0	0	0	0	0	1	324-1.png
0.0	1.0	1.0	0.0	1.0	1.0	5.0	0	1	1	0	0	0	0	1	325-0.png
0.0	1.0	0.0	0.0	1.0	1.0	6.0	0	0	0	0	1	0	0	1	325-1.png
0.0	0.0	2.0	0.0	1.0	2.0	2.0	0	1	1	0	0	0	0	1	326-0.png
0.0	0.0	2.0	0.0	2.0	1.0	2.0	0	1	1	0	0	0	0	1	327-0.png
0.0	1.0	2.0	0.0	0.0	2.0	1.0	0	1	0	0	0	0	0	1	328-0.png
0.0	0.0	2.0	0.0	0.0	2.0	0.0	0	1	1	0	0	0	0	1	328-1.png
0.0	0.0	0.0	0.0	1.0	0.0	6.0	0	1	1	0	0	0	0	1	329-0.png
0.0	0.0	0.0	0.0	2.0	0.0	6.0	0	1	1	0	0	0	0	1	329-1.png
0.0	0.0	2.0	0.0	2.0	0.0	5.0	0	1	1	0	0	0	0	1	330-0.png
0.0	0.0	2.0	0.0	2.0	0.0	6.0	0	1	1	0	0	0	0	1	330-1.png
0.0	0.0	2.0	0.0	2.0	0.0	6.0	0	1	1	0	0	0	0	1	330-2.png
0.0	0.0	2.0	0.0	2.0	0.0	6.0	0	1	1	0	0	0	0	1	330-3.png
0.0	1.0	0.0	0.0	1.0	0.0	2.0	0	1	0	0	0	0	0	1	331-0.png
0.0	1.0	0.0	0.0	2.0	2.0	3.0	0	1	0	0	0	0	0	1	332-0.png
0.0	0.0	2.0	0.0	2.0	2.0	3.0	0	1	1	0	0	0	0	1	332-1.png
0.0	0.0	1.0	0.0	1.0	2.0	5.0	0	1	1	0	0	0	0	1	332-2.png
0.0	0.0	0.0	0.0	2.0	2.0	3.0	0	1	1	0	0	0	0	1	332-3.png
0.0	0.0	2.0	0.0	2.0	2.0	3.0	0	1	1	0	0	0	0	1	332-4.png
0.0	0.0	0.0	0.0	2.0	2.0	3.0	0	1	1	0	0	0	0	1	332-5.png
0.0	0.0	2.0	0.0	0.0	2.0	3.0	0	1	1	0	0	0	0	1	332-6.png
0.0	0.0	2.0	0.0	2.0	2.0	4.0	0	1	1	0	0	0	0	1	332-7.png
0.0	1.0	0.0	0.0	1.0	0.0	6.0	0	1	0	0	1	0	0	1	333-0.png
0.0	1.0	0.0	0.0	1.0	0.0	6.0	0	1	0	0	1	0	0	1	333-1.png
0.0	0.0	0.0	0.0	0.0	0.0	1.0	0	1	1	0	0	0	0	1	333-2.png
0.0	1.0	0.0	0.0	2.0	0.0	1.0	0	1	0	0	0	0	0	1	333-3.png
0.0	0.0	0.0	0.0	2.0	0.0	6.0	0	1	1	0	0	0	0	1	333-4.png
0.0	0.0	0.0	0.0	2.0	0.0	6.0	0	1	1	0	0	0	0	1	333-5.png
0.0	1.0	0.0	0.0	2.0	0.0	6.0	0	1	0	0	1	0	0	1	333-6.png
0.0	0.0	0.0	0.0	2.0	0.0	5.0	0	1	1	0	0	0	0	1	333-7.png
0.0	0.0	0.0	0.0	2.0	0.0	6.0	0	1	1	0	0	0	0	1	333-8.png
0.0	0.0	2.0	0.0	0.0	2.0	6.0	0	1	1	0	0	0	0	1	334-0.png
0.0	0.0	2.0	0.0	0.0	2.0	6.0	0	1	1	0	0	0	0	1	334-1.png
0.0	0.0	2.0	0.0	0.0	2.0	5.0	0	1	1	0	0	0	0	1	334-2.png
0.0	0.0	2.0	0.0	2.0	2.0	6.0	0	1	1	0	0	0	0	1	334-3.png
0.0	0.0	2.0	0.0	0.0	2.0	6.0	0	1	1	0	0	0	0	1	334-4.png
0.0	0.0	2.0	0.0	0.0	2.0	6.0	0	1	1	0	0	0	0	1	334-5.png
0.0	0.0	2.0	0.0	0.0	2.0	5.0	0	1	1	0	0	0	0	1	334-6.png
0.0	0.0	2.0	0.0	0.0	2.0	5.0	0	1	1	0	0	0	0	1	334-7.png
0.0	0.0	2.0	0.0	0.0	2.0	5.0	0	1	1	0	0	0	0	1	334-8.png
0.0	0.0	0.0	0.0	2.0	0.0	2.0	0	1	1	0	0	0	0	1	335-0.png
0.0	0.0	2.0	0.0	2.0	0.0	2.0	0	1	1	0	0	0	0	1	335-1.png
0.0	0.0	2.0	0.0	2.0	0.0	2.0	0	1	1	0	0	0	0	1	335-2.png
0.0	0.0	0.0	0.0	2.0	0.0	2.0	0	1	1	0	0	0	0	1	335-3.png
0.0	0.0	0.0	0.0	2.0	0.0	2.0	0	1	1	0	0	0	0	1	335-4.png
0.0	0.0	0.0	0.0	1.0	0.0	2.0	0	1	1	0	0	0	0	1	335-5.png
0.0	0.0	2.0	0.0	2.0	0.0	2.0	0	1	1	0	0	0	0	1	335-6.png
0.0	0.0	2.0	0.0	2.0	0.0	2.0	0	1	1	0	0	0	0	1	335-7.png
0.0	0.0	0.0	0.0	1.0	0.0	5.0	0	1	1	0	0	0	0	1	336-0.png
0.0	0.0	0.0	0.0	1.0	0.0	6.0	0	1	1	0	0	0	0	1	336-1.png
0.0	0.0	0.0	0.0	1.0	0.0	6.0	0	1	1	0	0	0	0	1	336-2.png
0.0	0.0	0.0	0.0	1.0	0.0	6.0	0	1	1	0	0	0	0	1	336-3.png
0.0	0.0	0.0	0.0	1.0	0.0	5.0	0	1	1	0	0	0	0	1	336-4.png
0.0	0.0	0.0	0.0	1.0	0.0	5.0	0	1	1	0	0	0	0	1	336-5.png
0.0	0.0	0.0	0.0	1.0	0.0	6.0	0	1	1	0	0	0	0	1	336-6.png
0.0	0.0	0.0	0.0	1.0	0.0	6.0	0	1	1	0	0	0	0	1	336-7.png
0.0	0.0	2.0	0.0	1.0	0.0	5.0	0	1	1	0	0	0	0	1	336-8.png
0.0	1.0	2.0	0.0	2.0	1.0	1.0	0	1	0	0	0	0	0	1	337-0.png
0.0	0.0	2.0	0.0	2.0	1.0	0.0	0	1	1	0	0	0	0	1	337-1.png
0.0	0.0	2.0	0.0	0.0	1.0	1.0	0	1	1	0	0	0	0	1	337-2.png
0.0	0.0	2.0	0.0	1.0	1.0	1.0	0	1	1	0	0	0	0	1	337-3.png
0.0	1.0	2.0	0.0	2.0	1.0	0.0	0	1	0	0	0	0	0	1	337-4.png
0.0	0.0	2.0	0.0	2.0	1.0	0.0	0	1	1	0	0	0	0	1	337-5.png
0.0	0.0	2.0	0.0	2.0	1.0	1.0	0	1	1	0	0	0	0	1	337-6.png
0.0	0.0	2.0	0.0	2.0	1.0	1.0	0	1	1	0	0	0	0	1	337-7.png
0.0	0.0	2.0	0.0	2.0	2.0	0.0	0	1	1	0	0	0	0	1	337-8.png
0.0	1.0	0.0	0.0	1.0	2.0	2.0	0	1	0	0	0	0	0	1	338-0.png
0.0	1.0	0.0	0.0	1.0	2.0	2.0	0	1	0	0	0	0	0	1	338-1.png
0.0	0.0	0.0	0.0	1.0	2.0	3.0	0	1	1	0	0	0	0	1	338-2.png
0.0	0.0	0.0	0.0	1.0	2.0	2.0	0	1	1	0	0	0	0	1	338-3.png
0.0	1.0	0.0	0.0	1.0	2.0	2.0	0	1	0	0	0	0	0	1	338-4.png
0.0	0.0	0.0	0.0	1.0	2.0	2.0	0	1	1	0	0	0	0	1	338-5.png
0.0	0.0	0.0	0.0	1.0	2.0	3.0	0	1	1	0	0	0	0	1	338-6.png
0.0	1.0	0.0	0.0	1.0	2.0	2.0	0	1	0	0	0	0	0	1	338-7.png
0.0	0.0	0.0	0.0	1.0	2.0	3.0	0	1	1	0	0	0	0	1	338-8.png
0.0	0.0	2.0	0.0	2.0	2.0	6.0	0	1	1	0	0	0	0	1	339-0.png
0.0	0.0	2.0	0.0	2.0	2.0	6.0	0	1	1	0	0	0	0	1	339-1.png
0.0	0.0	2.0	0.0	2.0	2.0	6.0	0	1	1	0	0	0	0	1	339-2.png
0.0	0.0	2.0	0.0	0.0	0.0	2.0	0	1	1	0	0	0	0	1	339-3.png
0.0	0.0	0.0	0.0	2.0	2.0	5.0	0	1	1	0	0	0	0	1	339-4.png
0.0	0.0	2.0	0.0	2.0	2.0	6.0	0	1	1	0	0	0	0	1	339-5.png
0.0	0.0	0.0	0.0	2.0	2.0	6.0	0	1	1	0	0	0	0	1	339-6.png
0.0	0.0	2.0	0.0	2.0	2.0	6.0	0	1	1	0	0	0	0	1	339-7.png
0.0	0.0	2.0	0.0	0.0	2.0	6.0	0	1	1	0	0	0	0	1	339-8.png
0.0	0.0	2.0	0.0	2.0	2.0	6.0	0	1	1	0	0	0	0	1	339-9.png
0.0	0.0	2.0	0.0	2.0	0.0	2.0	0	1	1	0	0	0	0	1	340-0.png
0.0	0.0	2.0	0.0	2.0	0.0	2.0	0	1	1	0	0	0	0	1	340-1.png
0.0	0.0	0.0	0.0	1.0	0.0	2.0	0	1	1	0	0	0	0	1	340-2.png
0.0	0.0	2.0	1.0	2.0	0.0	2.0	0	1	1	0	0	0	0	0	340-3.png
0.0	0.0	2.0	0.0	2.0	0.0	2.0	0	1	1	0	0	0	0	1	340-4.png
0.0	0.0	2.0	0.0	2.0	0.0	2.0	0	1	1	0	0	0	0	1	340-5.png
0.0	0.0	2.0	0.0	2.0	0.0	2.0	0	1	1	0	0	0	0	1	340-6.png
0.0	0.0	2.0	0.0	2.0	0.0	6.0	0	1	1	0	0	0	0	1	340-7.png
0.0	1.0	0.0	0.0	2.0	2.0	3.0	0	1	0	0	0	0	0	1	341-0.png
0.0	1.0	0.0	0.0	1.0	2.0	3.0	0	1	0	0	0	0	0	1	341-2.png
0.0	0.0	0.0	0.0	1.0	2.0	3.0	0	1	1	0	0	0	0	1	341-3.png
0.0	1.0	0.0	0.0	1.0	2.0	3.0	0	1	0	0	0	0	0	1	341-4.png
0.0	1.0	0.0	0.0	1.0	2.0	3.0	0	1	0	0	0	0	0	1	341-5.png
0.0	0.0	0.0	0.0	1.0	2.0	2.0	0	1	1	0	0	0	0	1	341-6.png
0.0	0.0	0.0	0.0	2.0	2.0	3.0	0	1	1	0	0	0	0	1	341-7.png
0.0	1.0	0.0	0.0	2.0	2.0	3.0	0	1	0	0	0	0	0	1	341-8.png
0.0	0.0	0.0	0.0	2.0	2.0	3.0	0	1	1	0	0	0	0	1	341-9.png
0.0	0.0	0.0	0.0	1.0	0.0	1.0	0	1	1	0	0	0	0	1	342-0.png
0.0	0.0	2.0	0.0	2.0	0.0	1.0	0	1	1	0	0	0	0	1	342-1.png
0.0	0.0	0.0	0.0	2.0	0.0	1.0	0	1	1	0	0	0	0	1	342-2.png
0.0	0.0	0.0	0.0	2.0	0.0	1.0	0	1	1	0	0	0	0	1	342-3.png
0.0	0.0	0.0	0.0	2.0	0.0	1.0	0	1	1	0	0	0	0	1	342-4.png
0.0	0.0	0.0	0.0	2.0	0.0	1.0	0	1	1	0	0	0	0	1	342-5.png
0.0	0.0	0.0	0.0	2.0	0.0	1.0	0	1	1	0	0	0	0	1	342-6.png
0.0	0.0	0.0	0.0	2.0	0.0	1.0	0	1	1	0	0	0	0	1	342-7.png
0.0	0.0	0.0	0.0	2.0	0.0	1.0	0	1	1	0	0	0	0	1	342-8.png
0.0	0.0	2.0	0.0	2.0	1.0	2.0	0	1	1	0	0	0	0	1	343-0.png
0.0	0.0	2.0	0.0	2.0	1.0	2.0	0	1	1	0	0	0	0	1	343-1.png
0.0	0.0	1.0	0.0	2.0	1.0	2.0	0	1	1	0	0	0	0	1	343-2.png
0.0	0.0	2.0	0.0	2.0	1.0	2.0	0	1	1	0	0	0	0	1	343-3.png
0.0	0.0	2.0	0.0	2.0	1.0	2.0	0	1	1	0	0	0	0	1	343-4.png
0.0	0.0	2.0	0.0	2.0	1.0	2.0	0	1	1	0	0	0	0	1	343-5.png
0.0	0.0	2.0	0.0	2.0	1.0	2.0	0	1	1	0	0	0	0	1	343-6.png
0.0	0.0	2.0	0.0	0.0	1.0	2.0	0	1	1	0	0	0	0	1	343-7.png
0.0	0.0	2.0	0.0	2.0	2.0	2.0	0	1	1	0	0	0	0	1	343-8.png
0.0	1.0	0.0	0.0	1.0	0.0	3.0	0	1	0	0	0	0	0	1	344-0.png
0.0	0.0	2.0	0.0	2.0	0.0	3.0	0	1	1	0	0	0	0	1	344-1.png
0.0	0.0	2.0	0.0	2.0	0.0	3.0	0	1	1	0	0	0	0	1	344-10.png
0.0	1.0	0.0	0.0	1.0	0.0	3.0	0	1	0	0	0	0	0	1	344-2.png
0.0	1.0	0.0	0.0	1.0	0.0	3.0	0	1	0	0	0	0	0	1	344-3.png
0.0	1.0	2.0	0.0	2.0	0.0	3.0	0	1	0	0	0	0	0	1	344-4.png
0.0	0.0	2.0	0.0	2.0	0.0	3.0	0	1	1	0	0	0	0	1	344-5.png
0.0	1.0	0.0	0.0	1.0	1.0	4.0	0	0	0	0	0	0	0	1	344-6.png
0.0	0.0	0.0	0.0	1.0	1.0	4.0	0	0	1	0	0	0	0	1	344-7.png
0.0	0.0	2.0	0.0	2.0	0.0	3.0	0	1	1	0	0	0	0	1	344-8.png
0.0	1.0	0.0	0.0	2.0	0.0	3.0	0	1	0	0	0	0	0	1	344-9.png
0.0	1.0	0.0	0.0	1.0	1.0	4.0	0	0	0	0	0	0	0	1	345-0.png
0.0	1.0	0.0	0.0	1.0	1.0	4.0	0	0	0	0	0	0	0	1	345-1.png
0.0	0.0	0.0	0.0	1.0	1.0	4.0	0	0	1	0	0	0	0	1	345-2.png
0.0	1.0	0.0	0.0	1.0	1.0	4.0	0	0	0	0	0	0	0	1	345-3.png
0.0	0.0	0.0	0.0	1.0	1.0	4.0	0	0	1	0	0	0	0	1	345-4.png
0.0	1.0	0.0	0.0	1.0	1.0	4.0	0	0	0	0	0	0	0	1	345-5.png
0.0	1.0	0.0	0.0	2.0	1.0	4.0	0	0	0	0	0	0	0	1	345-6.png
0.0	1.0	0.0	0.0	1.0	1.0	4.0	0	0	0	0	0	0	0	1	346-0.png
0.0	0.0	0.0	0.0	1.0	1.0	4.0	0	0	1	0	0	0	0	1	346-1.png
0.0	0.0	0.0	0.0	1.0	1.0	4.0	0	0	1	0	0	0	0	1	346-2.png
0.0	0.0	0.0	0.0	1.0	1.0	4.0	0	0	1	0	0	0	0	1	346-3.png
0.0	1.0	0.0	0.0	1.0	1.0	4.0	0	0	0	0	0	0	0	1	346-4.png
0.0	0.0	0.0	0.0	1.0	1.0	4.0	0	0	1	0	0	0	0	1	346-5.png
0.0	0.0	0.0	0.0	1.0	1.0	4.0	0	0	1	0	0	0	0	1	346-6.png
0.0	0.0	0.0	0.0	1.0	1.0	4.0	0	0	1	0	0	0	0	1	346-7.png
0.0	0.0	0.0	0.0	2.0	2.0	4.0	0	1	1	0	0	0	0	1	346-8.png
0.0	1.0	0.0	0.0	1.0	1.0	5.0	0	0	0	0	0	0	0	1	347-0.png
0.0	0.0	0.0	0.0	1.0	1.0	5.0	0	0	1	0	0	0	0	1	347-1.png
0.0	0.0	0.0	0.0	1.0	1.0	6.0	0	0	1	0	0	0	0	1	347-2.png
0.0	0.0	0.0	0.0	1.0	1.0	6.0	0	0	1	0	0	0	0	1	347-3.png
0.0	1.0	0.0	0.0	1.0	1.0	6.0	0	0	0	0	1	0	0	1	347-4.png
0.0	0.0	0.0	0.0	1.0	1.0	6.0	0	0	1	0	0	0	0	1	347-5.png
0.0	0.0	0.0	0.0	1.0	1.0	6.0	0	0	1	0	0	0	0	1	347-6.png
0.0	0.0	0.0	0.0	1.0	1.0	5.0	0	0	1	0	0	0	0	1	347-7.png
0.0	0.0	0.0	0.0	1.0	1.0	5.0	0	0	1	0	0	0	0	1	347-8.png
0.0	0.0	0.0	0.0	1.0	2.0	1.0	0	1	1	0	0	0	0	1	348-0.png
0.0	0.0	0.0	0.0	1.0	2.0	1.0	0	1	1	0	0	0	0	1	348-1.png
0.0	1.0	2.0	0.0	1.0	2.0	1.0	0	1	0	0	0	0	0	1	348-2.png
0.0	0.0	0.0	0.0	1.0	2.0	1.0	0	1	1	0	0	0	0	1	348-3.png
0.0	0.0	0.0	0.0	1.0	2.0	1.0	0	1	1	0	0	0	0	1	348-4.png
0.0	1.0	2.0	0.0	2.0	2.0	1.0	0	1	0	0	0	0	0	1	348-5.png
0.0	0.0	2.0	0.0	2.0	2.0	1.0	0	1	1	0	0	0	0	1	348-6.png
0.0	0.0	2.0	0.0	1.0	2.0	1.0	0	1	1	0	0	0	0	1	348-7.png
0.0	0.0	0.0	0.0	1.0	2.0	1.0	0	1	1	0	0	0	0	1	348-8.png
0.0	0.0	1.0	0.0	0.0	1.0	5.0	0	1	1	0	0	0	1	1	349-0.png
0.0	0.0	1.0	0.0	0.0	1.0	6.0	0	1	1	0	0	0	1	1	349-1.png
0.0	0.0	1.0	0.0	0.0	1.0	5.0	0	1	1	0	0	0	1	1	349-2.png
0.0	0.0	1.0	0.0	0.0	1.0	6.0	0	1	1	0	0	0	1	1	349-3.png
0.0	0.0	1.0	0.0	0.0	1.0	5.0	0	1	1	0	0	0	1	1	349-4.png
0.0	0.0	1.0	0.0	0.0	1.0	5.0	0	1	1	0	0	0	1	1	349-5.png
0.0	0.0	1.0	0.0	0.0	1.0	6.0	0	1	1	0	0	0	1	1	349-6.png
0.0	0.0	1.0	0.0	2.0	1.0	6.0	0	1	1	0	0	0	0	1	349-7.png
0.0	0.0	1.0	0.0	0.0	1.0	6.0	0	1	1	0	0	0	1	1	349-8.png
0.0	1.0	2.0	0.0	1.0	2.0	4.0	0	1	0	0	0	0	0	1	350-0.png
0.0	1.0	2.0	0.0	1.0	2.0	4.0	0	1	0	0	0	0	0	1	350-1.png
0.0	0.0	2.0	0.0	1.0	2.0	4.0	0	1	1	0	0	0	0	1	350-2.png
0.0	1.0	1.0	0.0	1.0	2.0	4.0	0	1	1	0	0	0	0	1	350-3.png
0.0	0.0	0.0	0.0	1.0	2.0	1.0	0	1	1	0	0	0	0	1	351-0.png
0.0	1.0	0.0	0.0	1.0	2.0	1.0	0	1	0	0	0	0	0	1	351-1.png
0.0	0.0	0.0	0.0	1.0	2.0	1.0	0	1	1	0	0	0	0	1	351-2.png
0.0	1.0	0.0	0.0	1.0	2.0	1.0	0	1	0	0	0	0	0	1	351-3.png
0.0	0.0	0.0	0.0	1.0	2.0	1.0	0	1	1	0	0	0	0	1	351-4.png
0.0	0.0	0.0	0.0	1.0	2.0	4.0	0	1	1	0	0	0	0	1	352-0.png
0.0	0.0	0.0	0.0	0.0	2.0	4.0	0	1	1	0	0	0	0	1	352-1.png
0.0	0.0	0.0	0.0	1.0	2.0	4.0	0	1	1	0	0	0	0	1	352-2.png
0.0	0.0	0.0	0.0	1.0	2.0	3.0	0	1	1	0	0	0	0	1	352-3.png
0.0	0.0	2.0	0.0	2.0	2.0	3.0	0	1	1	0	0	0	0	1	352-4.png
0.0	1.0	0.0	0.0	1.0	2.0	2.0	0	1	0	0	0	0	0	1	353-0.png
0.0	0.0	1.0	0.0	2.0	0.0	5.0	0	1	1	0	0	0	0	1	353-1.png
0.0	1.0	0.0	0.0	1.0	0.0	2.0	0	1	0	0	0	0	0	1	353-2.png
0.0	1.0	0.0	0.0	1.0	0.0	2.0	0	1	0	0	0	0	0	1	353-3.png
0.0	0.0	0.0	0.0	1.0	0.0	5.0	0	1	1	0	0	0	0	1	353-4.png
0.0	0.0	0.0	0.0	2.0	2.0	5.0	0	1	1	0	0	0	0	1	354-0.png
0.0	0.0	0.0	0.0	2.0	1.0	5.0	0	0	1	0	0	0	0	1	354-1.png
0.0	1.0	0.0	0.0	2.0	2.0	1.0	0	1	0	0	0	0	0	1	354-2.png
0.0	1.0	0.0	0.0	2.0	1.0	1.0	0	0	0	0	0	0	0	1	354-3.png
0.0	1.0	0.0	0.0	0.0	1.0	1.0	0	0	0	0	0	0	0	1	354-4.png
0.0	0.0	2.0	0.0	1.0	2.0	4.0	0	1	1	0	0	0	0	1	355-0.png
0.0	0.0	2.0	0.0	1.0	0.0	5.0	0	1	1	0	0	0	0	1	355-1.png
0.0	1.0	2.0	0.0	1.0	0.0	2.0	0	1	0	0	0	0	0	1	355-2.png
0.0	1.0	2.0	0.0	1.0	0.0	4.0	0	1	0	0	0	0	0	1	355-3.png
0.0	0.0	0.0	0.0	1.0	0.0	4.0	0	1	1	0	0	0	0	1	355-4.png
0.0	0.0	0.0	0.0	2.0	0.0	3.0	0	1	1	0	0	0	0	1	356-0.png
0.0	0.0	0.0	0.0	1.0	0.0	3.0	0	1	1	0	0	0	0	1	356-1.png
0.0	0.0	2.0	0.0	2.0	0.0	2.0	0	1	1	0	0	0	0	1	357-0.png
0.0	1.0	0.0	0.0	1.0	0.0	2.0	0	1	0	0	0	0	0	1	357-1.png
0.0	1.0	0.0	0.0	2.0	0.0	5.0	0	1	0	0	0	0	0	1	357-2.png
0.0	0.0	0.0	0.0	1.0	0.0	2.0	0	1	1	0	0	0	0	1	359-0.png
0.0	1.0	0.0	0.0	1.0	0.0	3.0	0	1	0	0	0	0	0	1	360-0.png
0.0	0.0	1.0	0.0	1.0	0.0	0.0	0	1	1	0	0	0	0	1	361-0.png
0.0	0.0	0.0	0.0	1.0	1.0	2.0	0	0	1	0	0	0	0	1	362-0.png
0.0	0.0	1.0	0.0	0.0	1.0	1.0	0	1	1	0	0	0	1	1	363-0.png
0.0	0.0	0.0	0.0	1.0	2.0	1.0	0	1	1	0	0	0	0	1	364-0.png
0.0	0.0	0.0	0.0	1.0	1.0	6.0	0	0	1	0	0	0	0	1	364-1.png
0.0	1.0	0.0	0.0	2.0	1.0	3.0	0	0	0	0	0	0	0	1	365-0.png
0.0	0.0	0.0	0.0	1.0	2.0	6.0	0	1	1	0	0	0	0	1	366-0.png
0.0	1.0	2.0	0.0	2.0	2.0	1.0	0	1	0	0	0	0	0	1	367-0.png
0.0	0.0	2.0	0.0	2.0	1.0	4.0	0	1	1	0	0	0	0	1	368-0.png
0.0	1.0	2.0	0.0	2.0	2.0	6.0	0	1	0	0	1	0	0	1	369-0.png
0.0	0.0	0.0	0.0	1.0	2.0	1.0	0	1	1	0	0	0	0	1	370-0.png
0.0	0.0	2.0	0.0	2.0	2.0	2.0	0	1	1	0	0	0	0	1	371-0.png
0.0	0.0	0.0	0.0	1.0	2.0	3.0	0	1	1	0	0	0	0	1	372-0.png
0.0	0.0	0.0	0.0	1.0	0.0	4.0	0	1	1	0	0	0	0	1	373-0.png
0.0	1.0	2.0	0.0	1.0	1.0	2.0	0	1	0	0	0	0	0	1	375-0.png
0.0	0.0	0.0	0.0	2.0	0.0	5.0	0	1	1	0	0	0	0	1	376-0.png
0.0	1.0	2.0	0.0	2.0	2.0	6.0	0	1	0	0	1	0	0	1	377-0.png
0.0	0.0	2.0	0.0	2.0	2.0	6.0	0	1	1	0	0	0	0	1	378-0.png
0.0	0.0	2.0	0.0	2.0	1.0	1.0	0	1	1	0	0	0	0	1	379-0.png
0.0	0.0	2.0	0.0	2.0	1.0	1.0	0	1	1	0	0	0	0	1	379-1.png
0.0	1.0	0.0	0.0	2.0	2.0	3.0	0	1	0	0	0	0	0	1	380-0.png
0.0	1.0	0.0	0.0	1.0	2.0	3.0	0	1	0	0	0	0	0	1	380-1.png
0.0	1.0	0.0	0.0	1.0	0.0	3.0	0	1	0	0	0	0	0	1	382-0.png
0.0	1.0	0.0	0.0	0.0	0.0	3.0	0	1	0	0	0	0	0	1	382-1.png
0.0	0.0	2.0	0.0	1.0	2.0	0.0	0	1	1	0	0	0	0	1	383-0.png
0.0	1.0	2.0	0.0	1.0	2.0	0.0	0	1	0	0	0	0	0	1	383-1.png
0.0	1.0	0.0	0.0	2.0	1.0	2.0	0	0	0	0	0	0	0	1	384-0.png
0.0	1.0	0.0	0.0	2.0	1.0	2.0	0	0	0	0	0	0	0	1	384-1.png
0.0	1.0	0.0	0.0	0.0	1.0	6.0	0	0	0	0	1	0	0	1	384-2.png
0.0	1.0	0.0	0.0	2.0	1.0	5.0	0	0	0	0	0	0	0	1	384-3.png
0.0	1.0	0.0	0.0	0.0	1.0	5.0	0	0	0	0	0	0	0	1	384-4.png
0.0	0.0	2.0	0.0	0.0	1.0	6.0	0	1	1	0	0	0	0	1	384-5.png
0.0	1.0	0.0	0.0	2.0	1.0	6.0	0	0	0	0	1	0	0	1	384-6.png
0.0	1.0	0.0	0.0	2.0	1.0	2.0	0	0	0	0	0	0	0	1	384-7.png
0.0	0.0	0.0	0.0	2.0	1.0	5.0	0	0	1	0	0	0	0	1	384-8.png
0.0	1.0	0.0	0.0	2.0	1.0	6.0	0	0	0	0	1	0	0	1	384-9.png
0.0	1.0	0.0	0.0	1.0	0.0	3.0	0	1	0	0	0	0	0	1	385-0.png
0.0	0.0	0.0	0.0	1.0	0.0	3.0	0	1	1	0	0	0	0	1	385-1.png
0.0	0.0	0.0	0.0	1.0	0.0	3.0	0	1	1	0	0	0	0	1	385-2.png
0.0	0.0	0.0	0.0	1.0	0.0	3.0	0	1	1	0	0	0	0	1	385-3.png
0.0	1.0	0.0	0.0	1.0	0.0	3.0	0	1	0	0	0	0	0	1	385-4.png
0.0	1.0	0.0	0.0	1.0	1.0	3.0	0	0	0	0	0	0	0	1	386-0.png
0.0	0.0	0.0	0.0	2.0	1.0	4.0	0	0	1	0	0	0	0	1	386-1.png
0.0	0.0	0.0	0.0	1.0	1.0	4.0	0	0	1	0	0	0	0	1	386-3.png
0.0	0.0	0.0	0.0	1.0	1.0	4.0	0	0	1	0	0	0	0	1	386-4.png
0.0	0.0	0.0	0.0	1.0	1.0	3.0	0	0	1	0	0	0	0	1	386-5.png
0.0	1.0	0.0	0.0	2.0	2.0	3.0	0	1	0	0	0	0	0	1	387-0.png
0.0	1.0	0.0	0.0	2.0	2.0	4.0	0	1	0	0	0	0	0	1	387-1.png
0.0	0.0	0.0	0.0	2.0	0.0	3.0	0	1	1	0	0	0	0	1	387-2.png
0.0	1.0	2.0	0.0	2.0	2.0	3.0	0	1	0	0	0	0	0	1	387-3.png
0.0	1.0	0.0	0.0	2.0	0.0	3.0	0	1	0	0	0	0	0	1	387-4.png
0.0	0.0	1.0	0.0	1.0	1.0	5.0	0	1	1	0	0	0	0	1	388-0.png
0.0	0.0	1.0	0.0	1.0	1.0	5.0	0	1	1	0	0	0	0	1	388-1.png
0.0	1.0	2.0	0.0	2.0	1.0	4.0	0	1	0	0	0	0	0	1	388-2.png
0.0	1.0	0.0	0.0	1.0	2.0	1.0	0	1	0	0	0	0	0	1	389-0.png
0.0	1.0	0.0	0.0	1.0	2.0	1.0	0	1	0	0	0	0	0	1	389-1.png
0.0	1.0	0.0	0.0	1.0	2.0	1.0	0	1	0	0	0	0	0	1	389-2.png
0.0	0.0	0.0	0.0	1.0	2.0	1.0	0	1	1	0	0	0	0	1	389-4.png
0.0	1.0	0.0	0.0	1.0	2.0	1.0	0	1	0	0	0	0	0	1	389-5.png
0.0	1.0	0.0	0.0	1.0	2.0	2.0	0	1	0	0	0	0	0	1	390-0.png
0.0	0.0	0.0	0.0	2.0	2.0	6.0	0	1	1	0	0	0	0	1	390-1.png
0.0	0.0	0.0	0.0	1.0	2.0	5.0	0	1	1	0	0	0	0	1	390-2.png
0.0	0.0	1.0	0.0	0.0	2.0	0.0	0	1	1	0	0	0	1	1	390-3.png
0.0	1.0	0.0	0.0	1.0	2.0	2.0	0	1	0	0	0	0	0	1	390-4.png
0.0	0.0	0.0	0.0	2.0	2.0	3.0	0	1	1	0	0	0	0	1	391-0.png
0.0	0.0	0.0	0.0	1.0	2.0	3.0	0	1	1	0	0	0	0	1	391-1.png
0.0	0.0	1.0	0.0	1.0	2.0	5.0	0	1	1	0	0	0	0	1	391-2.png
0.0	0.0	2.0	0.0	2.0	2.0	3.0	0	1	1	0	0	0	0	1	391-3.png
0.0	0.0	0.0	0.0	2.0	2.0	3.0	0	1	1	0	0	0	0	1	391-4.png
0.0	1.0	0.0	0.0	1.0	0.0	2.0	0	1	0	0	0	0	0	1	392-0.png
0.0	1.0	0.0	0.0	1.0	0.0	2.0	0	1	0	0	0	0	0	1	392-1.png
0.0	0.0	1.0	0.0	1.0	0.0	5.0	0	1	1	0	0	0	0	1	392-2.png
0.0	0.0	1.0	0.0	1.0	0.0	0.0	0	1	1	0	0	0	0	1	392-3.png
0.0	0.0	1.0	1.0	1.0	0.0	5.0	0	1	1	0	0	0	0	0	393-0.png
0.0	1.0	0.0	0.0	1.0	0.0	2.0	0	1	0	0	0	0	0	1	393-1.png
0.0	0.0	1.0	0.0	1.0	0.0	5.0	0	1	1	0	0	0	0	1	393-2.png
0.0	0.0	1.0	0.0	1.0	0.0	5.0	0	1	1	0	0	0	0	1	393-3.png
0.0	0.0	0.0	0.0	2.0	0.0	6.0	0	1	1	0	0	0	0	1	393-4.png
0.0	0.0	1.0	0.0	0.0	2.0	3.0	0	1	1	0	0	0	1	1	394-0.png
0.0	0.0	1.0	0.0	2.0	2.0	3.0	0	1	1	0	0	0	0	1	394-1.png
0.0	1.0	1.0	0.0	2.0	1.0	5.0	0	1	1	0	0	0	0	1	395-0.png
0.0	0.0	2.0	0.0	2.0	1.0	4.0	0	1	1	0	0	0	0	1	396-0.png
0.0	1.0	0.0	0.0	1.0	0.0	3.0	0	1	0	0	0	0	0	1	397-0.png
0.0	1.0	0.0	0.0	1.0	1.0	4.0	0	0	0	0	0	0	0	1	398-0.png
0.0	0.0	2.0	0.0	2.0	1.0	1.0	0	1	1	0	0	0	0	1	399-0.png
0.0	1.0	0.0	0.0	1.0	1.0	2.0	0	0	0	0	0	0	0	1	400-0.png
0.0	0.0	1.0	0.0	2.0	1.0	0.0	0	1	1	0	0	0	0	1	401-0.png
0.0	0.0	0.0	0.0	1.0	2.0	2.0	0	1	1	0	0	0	0	1	402-0.png
0.0	0.0	0.0	0.0	2.0	2.0	6.0	0	1	1	0	0	0	0	1	403-0.png
0.0	1.0	0.0	0.0	2.0	2.0	6.0	0	1	0	0	1	0	0	1	403-1.png
0.0	0.0	2.0	0.0	2.0	2.0	6.0	0	1	1	0	0	0	0	1	404-0.png
0.0	0.0	2.0	0.0	2.0	2.0	1.0	0	1	1	0	0	0	0	1	405-0.png
0.0	0.0	2.0	0.0	2.0	2.0	1.0	0	1	1	0	0	0	0	1	405-1.png
0.0	1.0	0.0	0.0	1.0	1.0	1.0	0	0	0	0	0	0	0	1	406-0.png
0.0	0.0	2.0	1.0	0.0	1.0	6.0	0	1	1	0	0	0	0	1	407-0.png
0.0	0.0	2.0	0.0	2.0	2.0	6.0	0	1	1	0	0	0	0	1	408-0.png
0.0	0.0	2.0	0.0	0.0	2.0	5.0	0	1	1	0	0	0	0	1	408-1.png
0.0	1.0	0.0	0.0	1.0	2.0	2.0	0	1	0	0	0	0	0	1	409-0.png
0.0	1.0	0.0	0.0	1.0	2.0	2.0	0	1	0	0	0	0	0	1	409-1.png
0.0	1.0	2.0	0.0	2.0	1.0	6.0	0	1	0	0	1	0	0	1	410-0.png
0.0	0.0	2.0	0.0	0.0	2.0	2.0	0	1	1	0	0	0	0	1	411-0.png
0.0	1.0	0.0	0.0	2.0	2.0	2.0	0	1	0	0	0	0	0	1	412-0.png
0.0	0.0	2.0	0.0	1.0	1.0	5.0	0	1	1	0	0	0	0	1	413-0.png
0.0	0.0	0.0	0.0	2.0	0.0	6.0	0	1	1	0	0	0	0	1	414-0.png
0.0	0.0	0.0	0.0	2.0	0.0	6.0	0	1	1	0	0	0	0	1	414-1.png
0.0	1.0	0.0	0.0	0.0	1.0	2.0	0	0	0	0	0	0	0	1	415-0.png
0.0	1.0	0.0	0.0	0.0	1.0	2.0	0	0	0	0	0	0	0	1	415-1.png
0.0	0.0	0.0	0.0	2.0	1.0	2.0	0	0	1	0	0	0	0	1	415-2.png
0.0	1.0	2.0	0.0	0.0	1.0	2.0	0	1	0	0	0	0	0	1	415-3.png
0.0	1.0	0.0	0.0	0.0	1.0	2.0	0	0	0	0	0	0	0	1	415-4.png
0.0	1.0	0.0	0.0	2.0	1.0	2.0	0	0	0	0	0	0	0	1	415-5.png
0.0	1.0	0.0	0.0	0.0	1.0	3.0	0	0	0	0	0	0	0	1	415-6.png
0.0	1.0	0.0	0.0	1.0	0.0	2.0	0	1	0	0	0	0	0	1	416-0.png
0.0	0.0	1.0	0.0	0.0	2.0	3.0	0	1	1	0	0	0	1	1	417-0.png
0.0	0.0	0.0	0.0	2.0	2.0	3.0	0	1	1	0	0	0	0	1	418-0.png
0.0	1.0	0.0	0.0	1.0	1.0	2.0	0	0	0	0	0	0	0	1	419-0.png
0.0	0.0	2.0	0.0	2.0	1.0	4.0	0	1	1	0	0	0	0	1	420-0.png
0.0	0.0	2.0	0.0	2.0	2.0	4.0	0	1	1	0	0	0	0	1	420-1.png
0.0	0.0	0.0	0.0	2.0	1.0	3.0	0	0	1	0	0	0	0	1	421-0.png
0.0	0.0	0.0	0.0	1.0	1.0	1.0	0	0	1	0	0	0	0	1	422-0.png
0.0	0.0	0.0	0.0	2.0	2.0	2.0	0	1	1	0	0	0	0	1	423-0.png
0.0	0.0	0.0	0.0	2.0	1.0	6.0	0	0	1	0	0	0	0	1	424-0.png
0.0	0.0	2.0	0.0	0.0	1.0	3.0	0	1	1	0	0	0	0	1	425-0.png
0.0	0.0	0.0	0.0	1.0	2.0	3.0	0	1	1	0	0	0	0	1	426-0.png
0.0	1.0	0.0	0.0	2.0	2.0	2.0	0	1	0	0	0	0	0	1	427-0.png
0.0	0.0	2.0	0.0	2.0	1.0	1.0	0	1	1	0	0	0	0	1	428-0.png
0.0	0.0	0.0	0.0	2.0	2.0	6.0	0	1	1	0	0	0	0	1	429-0.png
0.0	1.0	0.0	0.0	1.0	1.0	1.0	0	0	0	0	0	0	0	1	430-0.png
0.0	1.0	0.0	0.0	1.0	2.0	4.0	0	1	0	0	0	0	0	1	431-0.png
0.0	0.0	2.0	0.0	2.0	1.0	3.0	0	1	1	0	0	0	0	1	432-0.png
0.0	0.0	2.0	0.0	2.0	1.0	4.0	0	1	1	0	0	0	0	1	433-0.png
0.0	1.0	2.0	0.0	2.0	2.0	3.0	0	1	0	0	0	0	0	1	434-0.png
0.0	0.0	2.0	0.0	2.0	1.0	4.0	0	1	1	0	0	0	0	1	435-0.png
0.0	0.0	2.0	0.0	2.0	1.0	0.0	0	1	1	0	0	0	0	1	436-0.png
0.0	0.0	0.0	0.0	1.0	2.0	6.0	0	1	1	0	0	0	0	1	439-0.png
0.0	0.0	1.0	0.0	1.0	2.0	5.0	0	1	1	0	0	0	0	1	439-1.png
0.0	0.0	0.0	0.0	0.0	0.0	6.0	0	1	1	0	0	0	0	1	440-0.png
0.0	0.0	1.0	0.0	1.0	2.0	5.0	0	1	1	0	0	0	0	1	441-0.png
0.0	0.0	2.0	0.0	2.0	1.0	2.0	0	1	1	0	0	0	0	1	442-0.png
0.0	1.0	2.0	0.0	2.0	1.0	2.0	0	1	0	0	0	0	0	1	442-1.png
0.0	0.0	0.0	0.0	1.0	0.0	4.0	0	1	1	0	0	0	0	1	443-0.png
0.0	0.0	0.0	0.0	1.0	0.0	3.0	0	1	1	0	0	0	0	1	443-1.png
0.0	0.0	2.0	0.0	2.0	1.0	6.0	0	1	1	0	0	0	0	1	444-0.png
0.0	0.0	2.0	0.0	2.0	1.0	5.0	0	1	1	0	0	0	0	1	444-1.png
0.0	0.0	2.0	0.0	2.0	2.0	2.0	0	1	1	0	0	0	0	1	445-0.png
0.0	0.0	2.0	0.0	2.0	2.0	2.0	0	1	1	0	0	0	0	1	445-1.png
0.0	1.0	0.0	0.0	2.0	1.0	2.0	0	0	0	0	0	0	0	1	446-0.png
0.0	0.0	0.0	0.0	2.0	2.0	2.0	0	1	1	0	0	0	0	1	446-1.png
0.0	1.0	0.0	0.0	1.0	1.0	5.0	0	0	0	0	0	0	0	1	447-0.png
0.0	1.0	0.0	0.0	2.0	1.0	6.0	0	0	0	0	1	0	0	1	447-1.png
0.0	0.0	2.0	0.0	2.0	2.0	1.0	0	1	1	0	0	0	0	1	448-0.png
0.0	0.0	2.0	0.0	2.0	2.0	5.0	0	1	1	0	0	0	0	1	448-1.png
0.0	0.0	0.0	0.0	1.0	1.0	2.0	0	0	1	0	0	0	0	1	449-0.png
0.0	0.0	0.0	0.0	1.0	1.0	2.0	0	0	1	0	0	0	0	1	449-1.png
0.0	1.0	0.0	0.0	2.0	2.0	1.0	0	1	0	0	0	0	0	1	450-0.png
0.0	0.0	0.0	0.0	2.0	2.0	1.0	0	1	1	0	0	0	0	1	450-1.png
0.0	0.0	0.0	0.0	0.0	2.0	2.0	0	1	1	0	0	0	0	1	451-0.png
0.0	1.0	0.0	0.0	2.0	2.0	2.0	0	1	0	0	0	0	0	1	451-1.png
0.0	0.0	0.0	0.0	2.0	2.0	6.0	0	1	1	0	0	0	0	1	452-0.png
0.0	0.0	0.0	0.0	1.0	0.0	6.0	0	1	1	0	0	0	0	1	452-1.png
0.0	0.0	0.0	0.0	1.0	2.0	6.0	0	1	1	0	0	0	0	1	453-0.png
0.0	0.0	0.0	0.0	1.0	2.0	5.0	0	1	1	0	0	0	0	1	453-1.png
0.0	0.0	2.0	0.0	2.0	1.0	2.0	0	1	1	0	0	0	0	1	454-0.png
0.0	0.0	2.0	0.0	2.0	1.0	2.0	0	1	1	0	0	0	0	1	454-1.png
0.0	0.0	2.0	0.0	1.0	1.0	2.0	0	1	1	0	0	0	0	1	454-2.png
0.0	0.0	1.0	1.0	1.0	1.0	5.0	0	1	1	0	0	0	0	0	454-3.png
0.0	0.0	2.0	0.0	2.0	1.0	2.0	0	1	1	0	0	0	0	1	454-4.png
0.0	0.0	0.0	0.0	1.0	1.0	2.0	0	0	1	0	0	0	0	1	455-0.png
0.0	0.0	0.0	0.0	1.0	1.0	2.0	0	0	1	0	0	0	0	1	455-1.png
0.0	0.0	0.0	0.0	1.0	1.0	2.0	0	0	1	0	0	0	0	1	455-2.png
0.0	0.0	0.0	0.0	1.0	1.0	2.0	0	0	1	0	0	0	0	1	455-3.png
0.0	0.0	0.0	0.0	1.0	1.0	2.0	0	0	1	0	0	0	0	1	455-4.png
0.0	0.0	0.0	0.0	2.0	1.0	4.0	0	0	1	0	0	0	0	1	456-0.png
0.0	0.0	0.0	0.0	2.0	1.0	3.0	0	0	1	0	0	0	0	1	456-1.png
0.0	0.0	1.0	0.0	1.0	1.0	5.0	0	1	1	0	0	0	0	1	456-2.png
0.0	1.0	0.0	0.0	2.0	1.0	2.0	0	0	0	0	0	0	0	1	456-3.png
0.0	1.0	0.0	0.0	2.0	1.0	3.0	0	0	0	0	0	0	0	1	456-4.png
0.0	1.0	0.0	0.0	1.0	2.0	0.0	0	1	0	0	0	0	0	1	457-0.png
0.0	0.0	1.0	0.0	1.0	0.0	5.0	0	1	1	0	0	0	0	1	458-0.png
0.0	0.0	2.0	0.0	1.0	2.0	1.0	0	1	1	0	0	0	0	1	458-1.png
0.0	0.0	0.0	0.0	1.0	2.0	1.0	0	1	1	0	0	0	0	1	458-2.png
0.0	0.0	0.0	0.0	1.0	1.0	3.0	0	0	1	0	0	0	0	1	459-0.png
0.0	0.0	0.0	0.0	2.0	2.0	3.0	0	1	1	0	0	0	0	1	460-0.png
0.0	0.0	1.0	0.0	0.0	1.0	0.0	0	1	1	0	0	0	1	1	461-0.png
0.0	0.0	2.0	0.0	1.0	1.0	2.0	0	1	1	0	0	0	0	1	462-0.png
0.0	0.0	1.0	1.0	1.0	1.0	5.0	0	1	1	0	0	0	0	0	463-0.png
0.0	0.0	0.0	0.0	0.0	1.0	6.0	0	0	1	0	0	0	0	1	464-0.png
0.0	0.0	0.0	0.0	2.0	1.0	2.0	0	0	1	0	0	0	0	1	465-0.png
0.0	0.0	0.0	0.0	1.0	2.0	2.0	0	1	1	0	0	0	0	1	466-0.png
0.0	0.0	1.0	0.0	0.0	1.0	0.0	0	1	1	0	0	0	1	1	467-0.png
0.0	0.0	2.0	0.0	2.0	2.0	3.0	0	1	1	0	0	0	0	1	468-0.png
0.0	0.0	1.0	0.0	1.0	2.0	5.0	0	1	1	0	0	0	0	1	469-0.png
0.0	0.0	2.0	0.0	2.0	1.0	3.0	0	1	1	0	0	0	0	1	470-0.png
0.0	1.0	0.0	0.0	1.0	1.0	2.0	0	0	0	0	0	0	0	1	471-0.png
0.0	1.0	0.0	0.0	1.0	1.0	6.0	0	0	0	0	1	0	0	1	472-0.png
0.0	1.0	2.0	0.0	2.0	1.0	4.0	0	1	0	0	0	0	0	1	473-0.png
0.0	0.0	0.0	0.0	2.0	1.0	4.0	0	0	1	0	0	0	0	1	474-0.png
0.0	0.0	2.0	0.0	1.0	1.0	4.0	0	1	1	0	0	0	0	1	475-0.png
0.0	0.0	0.0	0.0	2.0	2.0	1.0	0	1	1	0	0	0	0	1	476-0.png
0.0	1.0	0.0	0.0	1.0	1.0	1.0	0	0	0	0	0	0	0	1	477-0.png
0.0	0.0	0.0	0.0	1.0	1.0	6.0	0	0	1	0	0	0	0	1	478-0.png
0.0	0.0	1.0	1.0	1.0	2.0	5.0	0	1	1	0	0	0	0	0	479-0.png
0.0	0.0	0.0	0.0	1.0	2.0	2.0	0	1	1	0	0	0	0	1	480-0.png
0.0	0.0	0.0	0.0	1.0	2.0	2.0	0	1	1	0	0	0	0	1	480-1.png
0.0	0.0	0.0	0.0	1.0	2.0	6.0	0	1	1	0	0	0	0	1	481-0.png
0.0	0.0	0.0	0.0	2.0	2.0	2.0	0	1	1	0	0	0	0	1	481-1.png
0.0	0.0	2.0	0.0	2.0	2.0	3.0	0	1	1	0	0	0	0	1	482-0.png
0.0	0.0	2.0	0.0	0.0	2.0	3.0	0	1	1	0	0	0	0	1	482-1.png
0.0	0.0	0.0	0.0	1.0	0.0	4.0	0	1	1	0	0	0	0	1	483-0.png
0.0	0.0	0.0	0.0	1.0	0.0	3.0	0	1	1	0	0	0	0	1	483-1.png
0.0	0.0	2.0	0.0	2.0	2.0	2.0	0	1	1	0	0	0	0	1	484-0.png
0.0	0.0	2.0	0.0	2.0	2.0	2.0	0	1	1	0	0	0	0	1	484-1.png
0.0	1.0	0.0	0.0	2.0	2.0	5.0	0	1	0	0	0	0	0	1	485-0.png
0.0	1.0	1.0	0.0	1.0	2.0	5.0	0	1	1	0	0	0	0	1	486-0.png
0.0	0.0	0.0	0.0	1.0	2.0	1.0	0	1	1	0	0	0	0	1	486-1.png
0.0	0.0	1.0	0.0	2.0	1.0	6.0	0	1	1	0	0	0	0	1	487-0.png
0.0	0.0	1.0	0.0	0.0	1.0	1.0	0	1	1	0	0	0	1	1	487-1.png
0.0	0.0	2.0	0.0	2.0	2.0	6.0	0	1	1	0	0	0	0	1	488-0.png
0.0	0.0	2.0	0.0	2.0	2.0	6.0	0	1	1	0	0	0	0	1	488-1.png
0.0	1.0	0.0	0.0	2.0	2.0	0.0	0	1	0	0	0	0	0	1	489-0.png
0.0	0.0	0.0	0.0	2.0	2.0	0.0	0	1	1	0	0	0	0	1	489-1.png
0.0	0.0	1.0	0.0	1.0	2.0	5.0	0	1	1	0	0	0	0	1	490-0.png
0.0	0.0	2.0	0.0	2.0	2.0	4.0	0	1	1	0	0	0	0	1	490-1.png
0.0	0.0	0.0	0.0	1.0	1.0	2.0	0	0	1	0	0	0	0	1	491-0.png
0.0	0.0	0.0	0.0	1.0	1.0	2.0	0	0	1	0	0	0	0	1	491-1.png
0.0	0.0	1.0	0.0	2.0	1.0	2.0	0	1	1	0	0	0	0	1	492-0.png
0.0	1.0	2.0	0.0	2.0	2.0	2.0	0	1	0	0	0	0	0	1	492-1.png
0.0	0.0	0.0	0.0	2.0	0.0	1.0	0	1	1	0	0	0	0	1	493-0.png
0.0	0.0	0.0	0.0	2.0	0.0	6.0	0	1	1	0	0	0	0	1	493-1.png
0.0	0.0	2.0	0.0	0.0	2.0	6.0	0	1	1	0	0	0	0	1	494-0.png
0.0	0.0	2.0	0.0	2.0	2.0	6.0	0	1	1	0	0	0	0	1	494-1.png
0.0	0.0	0.0	0.0	1.0	0.0	6.0	0	1	1	0	0	0	0	1	495-0.png
0.0	0.0	2.0	0.0	2.0	2.0	6.0	0	1	1	0	0	0	0	1	495-1.png
0.0	0.0	2.0	0.0	2.0	0.0	2.0	0	1	1	0	0	0	0	1	495-2.png
0.0	0.0	0.0	0.0	2.0	2.0	2.0	0	1	1	0	0	0	0	1	496-0.png
0.0	0.0	0.0	0.0	0.0	2.0	2.0	0	1	1	0	0	0	0	1	496-1.png
0.0	0.0	2.0	0.0	0.0	2.0	2.0	0	1	1	0	0	0	0	1	496-2.png
0.0	1.0	0.0	0.0	2.0	2.0	3.0	0	1	0	0	0	0	0	1	496-3.png
0.0	1.0	0.0	0.0	1.0	2.0	5.0	0	1	0	0	0	0	0	1	497-0.png
0.0	0.0	0.0	0.0	1.0	1.0	1.0	0	0	1	0	0	0	0	1	497-1.png
0.0	0.0	0.0	0.0	1.0	1.0	1.0	0	0	1	0	0	0	0	1	497-2.png
0.0	0.0	1.0	0.0	1.0	1.0	1.0	0	1	1	0	0	0	0	1	497-3.png
0.0	0.0	0.0	0.0	1.0	1.0	1.0	0	0	1	0	0	0	0	1	498-0.png
0.0	0.0	0.0	0.0	1.0	1.0	0.0	0	0	1	0	0	0	0	1	498-1.png
0.0	1.0	0.0	0.0	1.0	1.0	1.0	0	0	0	0	0	0	0	1	498-2.png
0.0	1.0	0.0	0.0	1.0	1.0	1.0	0	0	0	0	0	0	0	1	498-3.png
0.0	1.0	0.0	0.0	1.0	1.0	1.0	0	0	0	0	0	0	0	1	498-4.png
0.0	1.0	0.0	0.0	1.0	1.0	2.0	0	0	0	0	0	0	0	1	499-0.png
0.0	1.0	0.0	0.0	2.0	1.0	2.0	0	0	0	0	0	0	0	1	500-0.png
0.0	1.0	0.0	0.0	1.0	2.0	3.0	0	1	0	0	0	0	0	1	501-0.png
0.0	1.0	2.0	0.0	2.0	1.0	5.0	0	1	0	0	0	0	0	1	502-0.png
0.0	0.0	2.0	0.0	2.0	2.0	2.0	0	1	1	0	0	0	0	1	503-0.png
0.0	0.0	2.0	0.0	1.0	2.0	3.0	0	1	1	0	0	0	0	1	504-0.png
0.0	1.0	0.0	0.0	2.0	0.0	2.0	0	1	0	0	0	0	0	1	505-0.png
0.0	1.0	0.0	0.0	1.0	1.0	2.0	0	0	0	0	0	0	0	1	506-0.png
0.0	1.0	0.0	0.0	1.0	1.0	1.0	0	0	0	0	0	0	0	1	508-0.png
0.0	0.0	1.0	0.0	0.0	1.0	0.0	0	1	1	0	0	0	1	1	509-0.png
0.0	0.0	0.0	0.0	2.0	2.0	5.0	0	1	1	0	0	0	0	1	510-0.png
0.0	0.0	2.0	0.0	1.0	1.0	3.0	0	1	1	0	0	0	0	1	511-0.png
0.0	1.0	0.0	0.0	2.0	2.0	2.0	0	1	0	0	0	0	0	1	512-0.png
0.0	0.0	1.0	0.0	1.0	1.0	5.0	0	1	1	0	0	0	0	1	513-0.png
0.0	1.0	0.0	0.0	1.0	1.0	2.0	0	0	0	0	0	0	0	1	513-1.png
0.0	0.0	0.0	0.0	2.0	0.0	3.0	0	1	1	0	0	0	0	1	514-0.png
0.0	1.0	0.0	0.0	1.0	0.0	6.0	0	1	0	0	1	0	0	1	514-1.png
0.0	1.0	0.0	0.0	2.0	2.0	6.0	0	1	0	0	1	0	0	1	515-0.png
0.0	1.0	0.0	0.0	0.0	2.0	6.0	0	1	0	0	1	0	0	1	516-0.png
0.0	0.0	0.0	0.0	2.0	2.0	1.0	0	1	1	0	0	0	0	1	517-0.png
0.0	1.0	0.0	0.0	1.0	1.0	5.0	0	0	0	0	0	0	0	1	518-0.png
0.0	1.0	0.0	0.0	2.0	2.0	3.0	0	1	0	0	0	0	0	1	519-0.png
0.0	1.0	2.0	0.0	2.0	1.0	3.0	0	1	0	0	0	0	0	1	520-0.png
0.0	1.0	0.0	0.0	2.0	1.0	2.0	0	0	0	0	0	0	0	1	521-0.png
0.0	0.0	0.0	0.0	2.0	2.0	1.0	0	1	1	0	0	0	0	1	522-0.png
0.0	1.0	0.0	0.0	1.0	2.0	2.0	0	1	0	0	0	0	0	1	523-0.png
0.0	1.0	0.0	0.0	1.0	2.0	3.0	0	1	0	0	0	0	0	1	524-0.png
0.0	0.0	0.0	0.0	1.0	1.0	4.0	0	0	1	0	0	0	0	1	525-0.png
0.0	1.0	0.0	0.0	1.0	2.0	3.0	0	1	0	0	0	0	0	1	526-0.png
0.0	0.0	0.0	0.0	2.0	0.0	4.0	0	1	1	0	0	0	0	1	527-0.png
0.0	0.0	2.0	0.0	2.0	2.0	3.0	0	1	1	0	0	0	0	1	527-1.png
0.0	1.0	0.0	0.0	1.0	2.0	5.0	0	1	0	0	0	0	0	1	528-0.png
0.0	0.0	2.0	0.0	1.0	2.0	4.0	0	1	1	0	0	0	0	1	529-0.png
0.0	0.0	0.0	0.0	2.0	0.0	4.0	0	1	1	0	0	0	0	1	530-0.png
0.0	0.0	2.0	0.0	2.0	1.0	6.0	0	1	1	0	0	0	0	1	531-0.png
0.0	1.0	0.0	0.0	1.0	2.0	0.0	0	1	0	0	0	0	0	1	532-0.png
0.0	0.0	0.0	0.0	2.0	2.0	2.0	0	1	1	0	0	0	0	1	533-0.png
0.0	1.0	0.0	0.0	2.0	2.0	4.0	0	1	0	0	0	0	0	1	534-0.png
0.0	0.0	0.0	0.0	2.0	0.0	4.0	0	1	1	0	0	0	0	1	535-0.png
0.0	0.0	0.0	0.0	1.0	2.0	3.0	0	1	1	0	0	0	0	1	536-0.png
0.0	0.0	2.0	0.0	2.0	2.0	2.0	0	1	1	0	0	0	0	1	537-0.png
0.0	0.0	0.0	0.0	2.0	1.0	5.0	0	0	1	0	0	0	0	1	538-0.png
0.0	0.0	1.0	0.0	1.0	2.0	5.0	0	1	1	0	0	0	0	1	539-0.png
0.0	1.0	2.0	0.0	2.0	2.0	2.0	0	1	0	0	0	0	0	1	540-0.png
0.0	0.0	0.0	0.0	2.0	2.0	2.0	0	1	1	0	0	0	0	1	541-0.png
0.0	0.0	0.0	0.0	1.0	1.0	6.0	0	0	1	0	0	0	0	1	542-0.png
0.0	1.0	0.0	0.0	2.0	1.0	6.0	0	0	0	0	1	0	0	1	542-1.png
0.0	0.0	2.0	0.0	1.0	2.0	5.0	0	1	1	0	0	0	0	1	543-0.png
0.0	0.0	2.0	0.0	2.0	2.0	2.0	0	1	1	0	0	0	0	1	544-0.png
0.0	0.0	0.0	0.0	2.0	2.0	2.0	0	1	1	0	0	0	0	1	544-1.png
0.0	0.0	2.0	0.0	2.0	2.0	2.0	0	1	1	0	0	0	0	1	544-2.png
0.0	0.0	2.0	0.0	2.0	2.0	2.0	0	1	1	0	0	0	0	1	544-3.png
0.0	0.0	2.0	0.0	2.0	2.0	2.0	0	1	1	0	0	0	0	1	544-4.png
0.0	0.0	1.0	0.0	0.0	2.0	4.0	0	1	1	0	0	0	1	1	545-0.png
0.0	0.0	1.0	0.0	0.0	2.0	5.0	0	1	1	0	0	0	1	1	545-1.png
0.0	0.0	0.0	0.0	1.0	2.0	1.0	0	1	1	0	0	0	0	1	545-2.png
2.0	0.0	0.0	1.0	1.0	2.0	1.0	1	1	1	0	0	1	0	0	545-3.png
0.0	0.0	0.0	0.0	1.0	2.0	2.0	0	1	1	0	0	0	0	1	546-0.png
0.0	1.0	0.0	0.0	1.0	2.0	3.0	0	1	0	0	0	0	0	1	546-1.png
0.0	0.0	0.0	0.0	2.0	2.0	2.0	0	1	1	0	0	0	0	1	546-2.png
0.0	0.0	0.0	0.0	2.0	2.0	3.0	0	1	1	0	0	0	0	1	546-3.png
0.0	0.0	0.0	0.0	2.0	2.0	3.0	0	1	1	0	0	0	0	1	546-4.png
0.0	1.0	0.0	0.0	1.0	2.0	3.0	0	1	0	0	0	0	0	1	547-0.png
0.0	0.0	0.0	0.0	1.0	2.0	3.0	0	1	1	0	0	0	0	1	547-1.png
0.0	0.0	0.0	0.0	1.0	2.0	3.0	0	1	1	0	0	0	0	1	547-2.png
0.0	1.0	0.0	0.0	1.0	2.0	3.0	0	1	0	0	0	0	0	1	547-3.png
0.0	0.0	0.0	0.0	1.0	2.0	3.0	0	1	1	0	0	0	0	1	547-4.png
0.0	0.0	1.0	0.0	2.0	1.0	2.0	0	1	1	0	0	0	0	1	548-0.png
0.0	0.0	1.0	0.0	2.0	1.0	2.0	0	1	1	0	0	0	0	1	548-1.png
0.0	0.0	1.0	0.0	0.0	1.0	2.0	0	1	1	0	0	0	1	1	548-2.png
0.0	0.0	1.0	0.0	2.0	1.0	2.0	0	1	1	0	0	0	0	1	548-3.png
0.0	0.0	1.0	2.0	0.0	1.0	2.0	0	1	1	0	0	0	1	1	548-4.png
0.0	0.0	0.0	0.0	2.0	0.0	2.0	0	1	1	0	0	0	0	1	549-0.png
0.0	0.0	0.0	0.0	2.0	0.0	2.0	0	1	1	0	0	0	0	1	549-1.png
0.0	0.0	1.0	0.0	1.0	0.0	5.0	0	1	1	0	0	0	0	1	549-2.png
0.0	0.0	0.0	0.0	2.0	0.0	2.0	0	1	1	0	0	0	0	1	549-3.png
0.0	1.0	2.0	0.0	2.0	0.0	2.0	0	1	0	0	0	0	0	1	549-4.png
0.0	1.0	0.0	0.0	1.0	0.0	6.0	0	1	0	0	1	0	0	1	550-0.png
0.0	0.0	2.0	0.0	0.0	2.0	6.0	0	1	1	0	0	0	0	1	550-1.png
0.0	0.0	0.0	0.0	1.0	2.0	2.0	0	1	1	0	0	0	0	1	550-2.png
0.0	0.0	2.0	0.0	1.0	2.0	5.0	0	1	1	0	0	0	0	1	550-3.png
0.0	0.0	2.0	0.0	2.0	2.0	2.0	0	1	1	0	0	0	0	1	550-4.png
0.0	0.0	1.0	0.0	0.0	1.0	4.0	0	1	1	0	0	0	1	1	551-0.png
0.0	0.0	1.0	0.0	0.0	1.0	4.0	0	1	1	0	0	0	1	1	551-1.png
0.0	0.0	1.0	0.0	0.0	1.0	4.0	0	1	1	0	0	0	1	1	551-2.png
0.0	0.0	1.0	0.0	0.0	1.0	4.0	0	1	1	0	0	0	1	1	551-3.png
0.0	1.0	1.0	0.0	0.0	1.0	4.0	0	1	1	0	0	0	1	1	551-4.png
0.0	0.0	1.0	0.0	0.0	1.0	3.0	0	1	1	0	0	0	1	1	551-5.png
0.0	0.0	2.0	0.0	2.0	1.0	4.0	0	1	1	0	0	0	0	1	551-6.png
0.0	0.0	2.0	0.0	2.0	1.0	4.0	0	1	1	0	0	0	0	1	551-7.png
0.0	0.0	2.0	0.0	0.0	1.0	4.0	0	1	1	0	0	0	0	1	551-8.png
0.0	0.0	1.0	0.0	0.0	1.0	4.0	0	1	1	0	0	0	1	1	551-9.png
0.0	0.0	0.0	0.0	1.0	0.0	1.0	0	1	1	0	0	0	0	1	552-0.png
0.0	0.0	2.0	0.0	2.0	0.0	1.0	0	1	1	0	0	0	0	1	552-1.png
0.0	0.0	2.0	0.0	1.0	0.0	1.0	0	1	1	0	0	0	0	1	552-2.png
0.0	0.0	0.0	0.0	1.0	0.0	1.0	0	1	1	0	0	0	0	1	552-3.png
0.0	0.0	0.0	0.0	2.0	0.0	1.0	0	1	1	0	0	0	0	1	552-4.png
0.0	0.0	2.0	0.0	2.0	0.0	1.0	0	1	1	0	0	0	0	1	552-5.png
0.0	0.0	2.0	0.0	2.0	0.0	1.0	0	1	1	0	0	0	0	1	552-6.png
0.0	0.0	0.0	0.0	2.0	0.0	1.0	0	1	1	0	0	0	0	1	552-7.png
0.0	0.0	0.0	0.0	2.0	0.0	1.0	0	1	1	0	0	0	0	1	552-8.png
0.0	0.0	0.0	0.0	2.0	0.0	1.0	0	1	1	0	0	0	0	1	552-9.png
0.0	1.0	0.0	0.0	2.0	1.0	3.0	0	0	0	0	0	0	0	1	553-0.png
0.0	1.0	0.0	0.0	2.0	1.0	3.0	0	0	0	0	0	0	0	1	553-1.png
0.0	1.0	0.0	0.0	2.0	2.0	4.0	0	1	0	0	0	0	0	1	554-0.png
0.0	1.0	0.0	0.0	1.0	2.0	3.0	0	1	0	0	0	0	0	1	555-0.png
0.0	1.0	0.0	0.0	1.0	2.0	2.0	0	1	0	0	0	0	0	1	555-1.png
0.0	1.0	0.0	0.0	1.0	2.0	3.0	0	1	0	0	0	0	0	1	555-2.png
0.0	1.0	2.0	0.0	2.0	1.0	3.0	0	1	0	0	0	0	0	1	556-0.png
0.0	1.0	0.0	0.0	2.0	2.0	3.0	0	1	0	0	0	0	0	1	558-0.png
0.0	1.0	2.0	0.0	2.0	2.0	6.0	0	1	0	0	1	0	0	1	559-0.png
0.0	1.0	2.0	0.0	2.0	2.0	6.0	0	1	0	0	1	0	0	1	559-1.png
0.0	0.0	2.0	0.0	1.0	0.0	6.0	0	1	1	0	0	0	0	1	560-0.png
0.0	0.0	2.0	0.0	1.0	0.0	1.0	0	1	1	0	0	0	0	1	560-1.png
0.0	0.0	1.0	0.0	0.0	1.0	5.0	0	1	1	0	0	0	1	1	561-0.png
0.0	0.0	1.0	0.0	0.0	2.0	5.0	0	1	1	0	0	0	1	1	561-1.png
0.0	0.0	0.0	0.0	0.0	0.0	2.0	0	1	1	0	0	0	0	1	562-0.png
0.0	0.0	2.0	0.0	0.0	0.0	3.0	0	1	1	0	0	0	0	1	562-1.png
0.0	0.0	0.0	0.0	2.0	2.0	3.0	0	1	1	0	0	0	0	1	563-0.png
0.0	1.0	0.0	0.0	1.0	2.0	3.0	0	1	0	0	0	0	0	1	563-1.png
0.0	0.0	0.0	0.0	2.0	1.0	3.0	0	0	1	0	0	0	0	1	564-0.png
0.0	1.0	2.0	0.0	2.0	1.0	3.0	0	1	0	0	0	0	0	1	565-0.png
0.0	0.0	1.0	0.0	1.0	1.0	5.0	0	1	1	0	0	0	0	1	566-0.png
0.0	0.0	0.0	0.0	1.0	1.0	6.0	0	0	1	0	0	0	0	1	567-0.png
0.0	0.0	0.0	0.0	1.0	1.0	6.0	0	0	1	0	0	0	0	1	567-1.png
0.0	0.0	0.0	0.0	1.0	1.0	5.0	0	0	1	0	0	0	0	1	567-2.png
0.0	1.0	0.0	0.0	1.0	2.0	5.0	0	1	0	0	0	0	0	1	567-3.png
0.0	1.0	0.0	0.0	1.0	1.0	6.0	0	0	0	0	1	0	0	1	567-4.png
0.0	1.0	0.0	0.0	1.0	1.0	6.0	0	0	0	0	1	0	0	1	567-5.png
0.0	1.0	0.0	0.0	2.0	0.0	3.0	0	1	0	0	0	0	0	1	568-0.png
0.0	0.0	1.0	0.0	1.0	2.0	5.0	0	1	1	0	0	0	0	1	569-0.png
0.0	1.0	0.0	0.0	1.0	1.0	2.0	0	0	0	0	0	0	0	1	570-0.png
0.0	0.0	0.0	0.0	1.0	2.0	4.0	0	1	1	0	0	0	0	1	571-0.png
0.0	0.0	2.0	0.0	2.0	2.0	2.0	0	1	1	0	0	0	0	1	572-0.png
0.0	0.0	2.0	0.0	2.0	2.0	6.0	0	1	1	0	0	0	0	1	573-0.png
0.0	0.0	2.0	0.0	0.0	0.0	2.0	0	1	1	0	0	0	0	1	574-0.png
0.0	0.0	1.0	0.0	0.0	0.0	6.0	0	1	1	0	0	0	1	1	575-0.png
0.0	0.0	1.0	0.0	1.0	2.0	5.0	0	1	1	0	0	0	0	1	576-0.png
0.0	0.0	0.0	0.0	0.0	1.0	2.0	0	0	1	0	0	0	0	1	577-0.png
0.0	0.0	0.0	0.0	1.0	1.0	5.0	0	0	1	0	0	0	0	1	577-1.png
0.0	0.0	0.0	0.0	2.0	2.0	3.0	0	1	1	0	0	0	0	1	578-0.png
0.0	0.0	2.0	0.0	0.0	2.0	4.0	0	1	1	0	0	0	0	1	579-0.png
0.0	0.0	0.0	0.0	1.0	0.0	4.0	0	1	1	0	0	0	0	1	580-0.png
0.0	0.0	0.0	0.0	0.0	2.0	4.0	0	1	1	0	0	0	0	1	581-0.png
0.0	1.0	0.0	0.0	1.0	2.0	6.0	0	1	0	0	1	0	0	1	582-0.png
0.0	1.0	0.0	0.0	1.0	2.0	5.0	0	1	0	0	0	0	0	1	582-1.png
0.0	1.0	0.0	0.0	1.0	2.0	1.0	0	1	0	0	0	0	0	1	582-2.png
0.0	0.0	0.0	0.0	1.0	2.0	1.0	0	1	1	0	0	0	0	1	582-3.png
0.0	0.0	0.0	0.0	1.0	1.0	1.0	0	0	1	0	0	0	0	1	582-4.png
0.0	1.0	0.0	0.0	1.0	2.0	2.0	0	1	0	0	0	0	0	1	583-0.png
0.0	1.0	0.0	0.0	1.0	2.0	2.0	0	1	0	0	0	0	0	1	583-1.png
0.0	1.0	0.0	0.0	1.0	2.0	3.0	0	1	0	0	0	0	0	1	583-2.png
0.0	1.0	0.0	0.0	1.0	2.0	3.0	0	1	0	0	0	0	0	1	583-3.png
0.0	1.0	0.0	0.0	1.0	2.0	2.0	0	1	0	0	0	0	0	1	583-4.png
0.0	1.0	0.0	0.0	2.0	1.0	2.0	0	0	0	0	0	0	0	1	584-0.png
0.0	0.0	0.0	0.0	2.0	1.0	2.0	0	0	1	0	0	0	0	1	584-1.png
0.0	1.0	0.0	0.0	2.0	1.0	2.0	0	0	0	0	0	0	0	1	584-2.png
0.0	1.0	0.0	0.0	2.0	1.0	2.0	0	0	0	0	0	0	0	1	584-3.png
0.0	0.0	0.0	0.0	2.0	1.0	2.0	0	0	1	0	0	0	0	1	584-4.png
0.0	0.0	2.0	0.0	0.0	2.0	6.0	0	1	1	0	0	0	0	1	585-0.png
0.0	1.0	0.0	0.0	1.0	2.0	1.0	0	1	0	0	0	0	0	1	585-1.png
0.0	0.0	1.0	0.0	0.0	2.0	0.0	0	1	1	0	0	0	1	1	585-2.png
0.0	0.0	1.0	0.0	0.0	2.0	5.0	0	1	1	0	0	0	1	1	585-3.png
0.0	0.0	0.0	0.0	2.0	2.0	1.0	0	1	1	0	0	0	0	1	585-4.png
0.0	0.0	0.0	0.0	1.0	0.0	2.0	0	1	1	0	0	0	0	1	586-0.png
0.0	0.0	0.0	0.0	1.0	0.0	2.0	0	1	1	0	0	0	0	1	586-1.png
0.0	0.0	0.0	0.0	1.0	0.0	2.0	0	1	1	0	0	0	0	1	586-2.png
0.0	0.0	0.0	0.0	1.0	0.0	3.0	0	1	1	0	0	0	0	1	586-3.png
0.0	0.0	0.0	0.0	2.0	2.0	2.0	0	1	1	0	0	0	0	1	587-0.png
0.0	0.0	0.0	0.0	2.0	2.0	2.0	0	1	1	0	0	0	0	1	587-1.png
0.0	0.0	2.0	0.0	2.0	2.0	6.0	0	1	1	0	0	0	0	1	587-2.png
0.0	0.0	2.0	0.0	2.0	2.0	6.0	0	1	1	0	0	0	0	1	587-3.png
0.0	0.0	2.0	0.0	0.0	2.0	6.0	0	1	1	0	0	0	0	1	588-0.png
0.0	0.0	2.0	0.0	2.0	2.0	6.0	0	1	1	0	0	0	0	1	588-1.png
0.0	0.0	2.0	0.0	0.0	2.0	6.0	0	1	1	0	0	0	0	1	588-2.png
0.0	0.0	2.0	0.0	2.0	2.0	6.0	0	1	1	0	0	0	0	1	588-3.png
0.0	0.0	2.0	0.0	0.0	2.0	6.0	0	1	1	0	0	0	0	1	588-4.png
0.0	0.0	2.0	0.0	0.0	2.0	6.0	0	1	1	0	0	0	0	1	588-5.png
0.0	0.0	2.0	0.0	0.0	2.0	5.0	0	1	1	0	0	0	0	1	588-6.png
0.0	0.0	2.0	0.0	0.0	2.0	6.0	0	1	1	0	0	0	0	1	588-7.png
0.0	0.0	2.0	0.0	2.0	2.0	6.0	0	1	1	0	0	0	0	1	588-8.png
0.0	0.0	2.0	0.0	2.0	2.0	5.0	0	1	1	0	0	0	0	1	588-9.png
0.0	0.0	2.0	0.0	0.0	2.0	2.0	0	1	1	0	0	0	0	1	589-0.png
0.0	0.0	2.0	0.0	2.0	1.0	4.0	0	1	1	0	0	0	0	1	590-0.png
0.0	0.0	2.0	0.0	2.0	1.0	3.0	0	1	1	0	0	0	0	1	591-0.png
0.0	0.0	2.0	0.0	2.0	1.0	4.0	0	1	1	0	0	0	0	1	592-0.png
0.0	0.0	0.0	0.0	1.0	2.0	1.0	0	1	1	0	0	0	0	1	593-0.png
0.0	0.0	0.0	0.0	1.0	1.0	4.0	0	0	1	0	0	0	0	1	594-0.png
0.0	0.0	2.0	0.0	2.0	1.0	3.0	0	1	1	0	0	0	0	1	595-0.png
0.0	1.0	0.0	0.0	1.0	1.0	1.0	0	0	0	0	0	0	0	1	596-0.png
0.0	0.0	0.0	0.0	1.0	1.0	6.0	0	0	1	0	0	0	0	1	597-0.png
0.0	0.0	0.0	0.0	1.0	2.0	4.0	0	1	1	0	0	0	0	1	598-0.png
0.0	0.0	0.0	0.0	1.0	2.0	4.0	0	1	1	0	0	0	0	1	598-1.png
0.0	0.0	2.0	0.0	1.0	2.0	1.0	0	1	1	0	0	0	0	1	599-0.png
0.0	0.0	2.0	0.0	1.0	2.0	1.0	0	1	1	0	0	0	0	1	599-1.png
0.0	0.0	2.0	0.0	2.0	2.0	3.0	0	1	1	0	0	0	0	1	600-0.png
0.0	0.0	0.0	0.0	1.0	2.0	3.0	0	1	1	0	0	0	0	1	601-0.png
0.0	0.0	0.0	0.0	2.0	2.0	2.0	0	1	1	0	0	0	0	1	602-0.png
0.0	0.0	0.0	0.0	2.0	2.0	3.0	0	1	1	0	0	0	0	1	603-0.png
0.0	1.0	0.0	0.0	1.0	2.0	5.0	0	1	0	0	0	0	0	1	604-0.png
0.0	0.0	0.0	0.0	1.0	2.0	3.0	0	1	1	0	0	0	0	1	605-0.png
0.0	0.0	0.0	0.0	2.0	2.0	6.0	0	1	1	0	0	0	0	1	606-0.png
0.0	0.0	0.0	0.0	2.0	1.0	3.0	0	0	1	0	0	0	0	1	607-0.png
0.0	0.0	2.0	0.0	2.0	1.0	1.0	0	1	1	0	0	0	0	1	608-0.png
0.0	1.0	0.0	0.0	2.0	2.0	2.0	0	1	0	0	0	0	0	1	609-0.png
0.0	0.0	2.0	0.0	2.0	1.0	5.0	0	1	1	0	0	0	0	1	610-0.png
0.0	1.0	0.0	1.0	1.0	0.0	1.0	0	1	0	0	0	1	0	0	611-0.png
0.0	0.0	2.0	0.0	0.0	0.0	1.0	0	1	1	0	0	0	0	1	612-0.png
0.0	0.0	1.0	0.0	0.0	1.0	1.0	0	1	1	0	0	0	1	1	613-0.png
0.0	1.0	0.0	0.0	2.0	2.0	0.0	0	1	0	0	0	0	0	1	614-0.png
0.0	0.0	2.0	0.0	2.0	1.0	6.0	0	1	1	0	0	0	0	1	615-0.png
0.0	0.0	0.0	0.0	1.0	1.0	2.0	0	0	1	0	0	0	0	1	616-0.png
0.0	0.0	0.0	0.0	2.0	1.0	6.0	0	0	1	0	0	0	0	1	617-0.png
0.0	0.0	0.0	0.0	1.0	1.0	3.0	0	0	1	0	0	0	0	1	618-0.png
0.0	0.0	2.0	0.0	2.0	1.0	6.0	0	1	1	0	0	0	0	1	619-0.png
0.0	0.0	0.0	0.0	2.0	1.0	3.0	0	0	1	0	0	0	0	1	620-0.png
0.0	0.0	2.0	0.0	2.0	1.0	1.0	0	1	1	0	0	0	0	1	621-0.png
0.0	0.0	2.0	0.0	1.0	1.0	6.0	0	1	1	0	0	0	0	1	622-0.png
0.0	0.0	1.0	0.0	2.0	1.0	4.0	0	1	1	0	0	0	0	1	623-0.png
0.0	0.0	1.0	0.0	1.0	2.0	5.0	0	1	1	0	0	0	0	1	624-0.png
0.0	0.0	0.0	0.0	1.0	2.0	3.0	0	1	1	0	0	0	0	1	625-0.png
0.0	0.0	0.0	0.0	1.0	0.0	2.0	0	1	1	0	0	0	0	1	626-0.png
0.0	1.0	0.0	0.0	2.0	0.0	2.0	0	1	0	0	0	0	0	1	627-0.png
0.0	0.0	2.0	0.0	2.0	1.0	2.0	0	1	1	0	0	0	0	1	628-0.png
0.0	0.0	0.0	0.0	1.0	0.0	0.0	0	1	1	0	0	0	0	1	629-0.png
0.0	0.0	2.0	0.0	2.0	1.0	1.0	0	1	1	0	0	0	0	1	630-0.png
0.0	0.0	0.0	0.0	1.0	0.0	3.0	0	1	1	0	0	0	0	1	631-0.png
0.0	0.0	2.0	0.0	2.0	2.0	5.0	0	1	1	0	0	0	0	1	632-0.png
0.0	0.0	2.0	0.0	2.0	2.0	3.0	0	1	1	0	0	0	0	1	633-0.png
0.0	0.0	1.0	0.0	0.0	2.0	0.0	0	1	1	0	0	0	1	1	634-0.png
0.0	0.0	1.0	0.0	0.0	2.0	1.0	0	1	1	0	0	0	1	1	634-1.png
0.0	0.0	0.0	0.0	0.0	2.0	3.0	0	1	1	0	0	0	0	1	634-2.png
0.0	1.0	0.0	0.0	2.0	2.0	3.0	0	1	0	0	0	0	0	1	634-3.png
0.0	1.0	0.0	0.0	1.0	2.0	3.0	0	1	0	0	0	0	0	1	634-4.png
0.0	1.0	0.0	0.0	0.0	2.0	3.0	0	1	0	0	0	0	0	1	634-5.png
0.0	1.0	0.0	0.0	1.0	2.0	3.0	0	1	0	0	0	0	0	1	634-6.png
0.0	1.0	0.0	0.0	2.0	2.0	0.0	0	1	0	0	0	0	0	1	634-7.png
0.0	0.0	0.0	0.0	2.0	2.0	3.0	0	1	1	0	0	0	0	1	634-8.png
0.0	0.0	2.0	0.0	2.0	2.0	2.0	0	1	1	0	0	0	0	1	635-0.png
0.0	0.0	2.0	0.0	2.0	2.0	2.0	0	1	1	0	0	0	0	1	635-1.png
0.0	0.0	2.0	0.0	2.0	2.0	2.0	0	1	1	0	0	0	0	1	635-2.png
0.0	1.0	2.0	0.0	2.0	2.0	2.0	0	1	0	0	0	0	0	1	635-3.png
0.0	0.0	2.0	0.0	2.0	2.0	2.0	0	1	1	0	0	0	0	1	635-4.png
0.0	0.0	2.0	0.0	2.0	2.0	2.0	0	1	1	0	0	0	0	1	635-5.png
0.0	0.0	2.0	0.0	2.0	2.0	2.0	0	1	1	0	0	0	0	1	635-6.png
0.0	0.0	2.0	0.0	2.0	1.0	2.0	0	1	1	0	0	0	0	1	635-7.png
0.0	0.0	2.0	0.0	2.0	2.0	2.0	0	1	1	0	0	0	0	1	635-8.png
0.0	0.0	2.0	0.0	2.0	2.0	2.0	0	1	1	0	0	0	0	1	635-9.png
0.0	1.0	0.0	0.0	1.0	1.0	2.0	0	0	0	0	0	0	0	1	636-0.png
0.0	0.0	2.0	0.0	2.0	2.0	2.0	0	1	1	0	0	0	0	1	637-0.png
0.0	0.0	2.0	0.0	0.0	2.0	4.0	0	1	1	0	0	0	0	1	638-0.png
0.0	1.0	0.0	0.0	1.0	2.0	4.0	0	1	0	0	0	0	0	1	639-0.png
0.0	1.0	0.0	0.0	2.0	2.0	4.0	0	1	0	0	0	0	0	1	640-0.png
0.0	0.0	0.0	0.0	1.0	2.0	1.0	0	1	1	0	0	0	0	1	641-0.png
0.0	0.0	0.0	0.0	1.0	1.0	5.0	0	0	1	0	0	0	0	1	642-0.png
0.0	1.0	0.0	0.0	1.0	2.0	5.0	0	1	0	0	0	0	0	1	643-0.png
0.0	1.0	0.0	0.0	1.0	2.0	3.0	0	1	0	0	0	0	0	1	644-0.png
0.0	0.0	0.0	0.0	1.0	2.0	3.0	0	1	1	0	0	0	0	1	645-0.png
0.0	1.0	0.0	0.0	1.0	2.0	3.0	0	1	0	0	0	0	0	1	648-0.png
0.0	1.0	0.0	0.0	1.0	2.0	4.0	0	1	0	0	0	0	0	1	649-0.png
0.0	1.0	2.0	0.0	2.0	2.0	6.0	0	1	0	0	1	0	0	1	650-0.png
0.0	0.0	0.0	0.0	2.0	2.0	5.0	0	1	1	0	0	0	0	1	651-0.png
0.0	0.0	2.0	0.0	2.0	2.0	6.0	0	1	1	0	0	0	0	1	652-0.png
0.0	0.0	2.0	0.0	2.0	1.0	2.0	0	1	1	0	0	0	0	1	653-0.png
0.0	1.0	0.0	0.0	1.0	2.0	4.0	0	1	0	0	0	0	0	1	654-0.png
0.0	1.0	0.0	0.0	1.0	2.0	4.0	0	1	0	0	0	0	0	1	655-0.png
0.0	0.0	0.0	0.0	2.0	2.0	2.0	0	1	1	0	0	0	0	1	658-0.png
0.0	0.0	0.0	0.0	2.0	1.0	2.0	0	0	1	0	0	0	0	1	658-1.png
0.0	1.0	0.0	0.0	1.0	2.0	2.0	0	1	0	0	0	0	0	1	659-0.png
0.0	0.0	0.0	0.0	2.0	1.0	6.0	0	0	1	0	0	0	0	1	660-0.png
0.0	0.0	0.0	0.0	1.0	1.0	2.0	0	0	1	0	0	0	0	1	661-0.png
0.0	0.0	2.0	0.0	2.0	2.0	3.0	0	1	1	0	0	0	0	1	662-0.png
0.0	1.0	2.0	0.0	2.0	1.0	3.0	0	1	0	0	0	0	0	1	663-0.png
0.0	1.0	0.0	0.0	2.0	1.0	3.0	0	0	0	0	0	0	0	1	664-0.png
0.0	0.0	2.0	0.0	2.0	2.0	6.0	0	1	1	0	0	0	0	1	665-0.png
0.0	0.0	2.0	0.0	2.0	1.0	3.0	0	1	1	0	0	0	0	1	666-0.png
0.0	0.0	2.0	0.0	2.0	1.0	5.0	0	1	1	0	0	0	0	1	667-0.png
0.0	1.0	2.0	0.0	2.0	2.0	2.0	0	1	0	0	0	0	0	1	668-0.png
0.0	0.0	2.0	0.0	2.0	1.0	1.0	0	1	1	0	0	0	0	1	669-0.png
0.0	0.0	0.0	0.0	2.0	2.0	2.0	0	1	1	0	0	0	0	1	670-0.png
0.0	0.0	0.0	0.0	1.0	2.0	2.0	0	1	1	0	0	0	0	1	670-1.png
0.0	0.0	0.0	0.0	1.0	2.0	2.0	0	1	1	0	0	0	0	1	670-2.png
0.0	1.0	0.0	0.0	2.0	2.0	2.0	0	1	0	0	0	0	0	1	670-3.png
0.0	1.0	0.0	0.0	2.0	2.0	2.0	0	1	0	0	0	0	0	1	670-4.png
0.0	0.0	0.0	0.0	2.0	2.0	2.0	0	1	1	0	0	0	0	1	670-5.png
0.0	0.0	0.0	0.0	2.0	2.0	2.0	0	1	1	0	0	0	0	1	670-6.png
0.0	1.0	0.0	0.0	0.0	2.0	0.0	0	1	0	0	0	0	0	1	670-7.png
0.0	1.0	0.0	0.0	2.0	2.0	2.0	0	1	0	0	0	0	0	1	670-8.png
0.0	0.0	0.0	0.0	2.0	2.0	2.0	0	1	1	0	0	0	0	1	670-9.png
0.0	0.0	2.0	0.0	0.0	1.0	6.0	0	1	1	0	0	0	0	1	671-0.png
0.0	0.0	2.0	0.0	2.0	1.0	5.0	0	1	1	0	0	0	0	1	671-1.png
0.0	0.0	2.0	0.0	2.0	2.0	6.0	0	1	1	0	0	0	0	1	671-10.png
0.0	0.0	2.0	0.0	2.0	1.0	5.0	0	1	1	0	0	0	0	1	671-2.png
0.0	0.0	2.0	0.0	2.0	1.0	5.0	0	1	1	0	0	0	0	1	671-4.png
0.0	0.0	2.0	0.0	2.0	2.0	6.0	0	1	1	0	0	0	0	1	671-5.png
0.0	0.0	2.0	0.0	2.0	2.0	5.0	0	1	1	0	0	0	0	1	671-6.png
0.0	0.0	2.0	0.0	2.0	1.0	5.0	0	1	1	0	0	0	0	1	671-7.png
0.0	0.0	2.0	0.0	2.0	1.0	5.0	0	1	1	0	0	0	0	1	671-8.png
0.0	0.0	2.0	0.0	2.0	2.0	5.0	0	1	1	0	0	0	0	1	671-9.png
0.0	1.0	1.0	0.0	0.0	2.0	0.0	0	1	1	0	0	0	1	1	672-0.png
